10 0.3475877192982456 0.5274122807017544 0.0935672514619883 0.38267543859649117
10 0.6001461988304093 0.7916666666666666 0.1074561403508772 0.40679824561403505
10 0.674890350877193 0.7623355263157894 0.07419590643274854 0.4731359649122807
10 0.7874634502923976 0.7846765350877193 0.1648391812865497 0.43009868421052627
10 0.844298245614035 0.7478070175438596 0.11769005847953216 0.3059210526315789
10 0.7298976608187134 0.4533991228070175 0.26023391812865493 0.20394736842105263
10 0.9173976608187134 0.3256578947368421 0.16301169590643275 0.13925438596491227
10 0.2445175438596491 0.5235745614035088 0.10380116959064327 0.5614035087719298
10 0.4279970760233918 0.6403508771929824 0.11549707602339179 0.3125
10 0.12426900584795321 0.3481359649122807 0.13961988304093567 0.2412280701754386
10 0.5073099415204678 0.4057017543859649 0.23464912280701752 0.16995614035087717
10 0.513157894736842 0.7669956140350878 0.0489766081871345 0.337719298245614
10 0.4674707602339181 0.29660087719298245 0.24707602339181284 0.17324561403508773
10 0.3640350877192982 0.10197368421052631 0.07675438596491227 0.16337719298245615