18 0.535 0.43058161350844276 0.215 0.37335834896810505
18 0.34812499999999996 0.44183864915572235 0.18625 0.33208255159474676
18 0.474375 0.7307692307692307 0.21875 0.2795497185741088
18 0.201875 0.6247654784240151 0.30375 0.36397748592870544
18 0.18500000000000003 0.2786116322701689 0.30000000000000004 0.43339587242026273
18 0.435625 0.22795497185741087 0.24625 0.30956848030018763
18 0.684375 0.3424015009380863 0.27125 0.3771106941838649
18 0.7112499999999999 0.7045028142589118 0.17750000000000002 0.28330206378986866
18 0.66875 0.5281425891181989 0.20750000000000002 0.21951219512195125
18 0.8218750000000001 0.6454033771106942 0.15375 0.2889305816135085
18 0.5975 0.7833020637898687 0.41000000000000003 0.3883677298311445