14 0.23093750000000002 0.5795833333333333 0.365625 0.4241666666666667
14 0.45749999999999996 0.4716666666666667 0.23625000000000002 0.2866666666666667
14 0.7284375000000001 0.38625000000000004 0.278125 0.18916666666666668
14 0.6815625000000001 0.7429166666666667 0.301875 0.5125000000000001
14 0.3575 0.22375 0.18 0.1575
14 0.43875000000000003 0.12708333333333333 0.16250000000000003 0.1991666666666667
14 0.533125 0.22291666666666668 0.16875 0.10583333333333335
14 0.4084375 0.73375 0.19312500000000002 0.35916666666666663
14 0.8771875 0.6812500000000001 0.155625 0.22916666666666669
14 0.96875 0.6670833333333334 0.06125 0.09583333333333334
14 0.6665625000000001 0.30541666666666667 0.13062500000000002 0.11583333333333333