8 0.330625 0.6155555555555556 0.19 0.7666666666666667
8 0.5765625 0.35055555555555556 0.27687500000000004 0.601111111111111
8 0.776875 0.5722222222222222 0.26125000000000004 0.3
8 0.8840625000000001 0.31666666666666665 0.131875 0.5466666666666666
8 0.229375 0.5711111111111111 0.155 0.7955555555555556
8 0.49312500000000004 0.32166666666666666 0.12000000000000001 0.61
8 0.0721875 0.5005555555555555 0.116875 0.9966666666666666
8 0.586875 0.8666666666666666 0.2975 0.2644444444444444
8 0.7778125 0.9055555555555556 0.19687500000000002 0.14444444444444443
8 0.3971875 0.7555555555555554 0.081875 0.48666666666666664
8 0.3575 0.23944444444444443 0.0875 0.4722222222222222
8 0.948125 0.676111111111111 0.09874999999999999 0.3788888888888889
8 0.7681250000000001 0.39555555555555555 0.1075 0.3377777777777778
8 0.7734375 0.2594444444444444 0.138125 0.43444444444444447