1 0.34598214285714285 0.7012648809523809 0.07787698412698411 0.24330357142857145
1 0.06101190476190476 0.3560267857142857 0.12103174603174603 0.11383928571428573
1 0.5510912698412699 0.06212797619047619 0.10813492063492063 0.12276785714285715
1 0.5476190476190476 0.29427083333333337 0.0873015873015873 0.20907738095238096
1 0.41468253968253965 0.9010416666666667 0.06349206349206349 0.19642857142857145
1 0.23164682539682538 0.918154761904762 0.10416666666666666 0.11309523809523811
1 0.28075396825396826 0.21875 0.06349206349206349 0.16517857142857145
1 0.14880952380952378 0.2146577380952381 0.14087301587301587 0.17782738095238096
1 0.6354166666666666 0.296875 0.11011904761904762 0.125
1 0.10391865079365079 0.9308035714285714 0.1780753968253968 0.11607142857142858
1 0.42683531746031744 0.47581845238095244 0.06101190476190476 0.1480654761904762