10 0.5754166666666667 0.5675 0.07916666666666668 0.14250000000000002
10 0.6595833333333333 0.5771875000000001 0.03916666666666667 0.120625
10 0.855 0.7390625 0.08 0.149375
10 0.7 0.731875 0.051666666666666666 0.1375
10 0.3266666666666667 0.7803125000000001 0.15166666666666667 0.080625
10 0.5325 0.8931250000000001 0.061666666666666675 0.145
10 0.32833333333333337 0.6228125000000001 0.06333333333333334 0.099375
10 0.3229166666666667 0.38718749999999996 0.04583333333333333 0.110625
10 0.26958333333333334 0.4196875 0.0625 0.12812500000000002
10 0.23083333333333333 0.6215625 0.1 0.08687500000000001
10 0.6395833333333333 0.40218750000000003 0.03416666666666667 0.099375
10 0.7266666666666667 0.165 0.04833333333333334 0.10250000000000001
10 0.3770833333333333 0.24750000000000003 0.03916666666666667 0.09125
10 0.38875 0.8259375000000001 0.0625 0.13687500000000002