25 0.7041666666666667 0.9368770764119602 0.08833333333333332 0.12403100775193798
25 0.6127777777777778 0.9141749723145072 0.12333333333333332 0.16943521594684385
25 0.2472222222222222 0.9374307862679956 0.07333333333333333 0.12292358803986711
25 0.5216666666666666 0.49667774086378735 0.06666666666666667 0.17165005537098563
25 0.46388888888888885 0.6622369878183831 0.08444444444444445 0.10188261351052048
25 0.10555555555555556 0.4883720930232558 0.06333333333333332 0.07751937984496124
25 0.1638888888888889 0.6052048726467331 0.1288888888888889 0.14950166112956811
25 0.5844444444444444 0.6699889258028793 0.07222222222222222 0.07751937984496124
25 0.6558333333333333 0.20044296788482835 0.06277777777777778 0.21040974529346623
25 0.7633333333333332 0.1256921373200443 0.06999999999999999 0.20044296788482835
25 0.8633333333333333 0.22369878183831673 0.07111111111111111 0.1904761904761905
25 0.9552777777777777 0.30730897009966773 0.08722222222222223 0.13399778516057587
25 0.8697222222222222 0.42081949058693247 0.10277777777777777 0.20376522702104097
25 0.7569444444444444 0.45348837209302323 0.0761111111111111 0.13399778516057587
25 0.7272222222222222 0.616279069767442 0.06444444444444444 0.18050941306755258
25 0.6644444444444445 0.42026578073089704 0.05666666666666666 0.11184939091915837
25 0.5877777777777777 0.3909191583610188 0.06333333333333332 0.24363233665559247
25 0.4616666666666666 0.14451827242524917 0.08888888888888888 0.20487264673311187
25 0.36583333333333334 0.10741971207087486 0.1072222222222222 0.19490586932447396
25 0.17916666666666667 0.43023255813953487 0.06722222222222221 0.11184939091915837
25 0.3169444444444445 0.44019933554817275 0.09722222222222222 0.17165005537098563
25 0.39166666666666666 0.42857142857142855 0.07111111111111111 0.18383167220376523
25 0.42166666666666663 0.32336655592469543 0.043333333333333335 0.2281284606866002
25 0.45749999999999996 0.3770764119601329 0.05388888888888888 0.1849390919158361
25 0.4297222222222222 0.5382059800664452 0.075 0.15503875968992248