10 0.15399999999999997 0.512 0.064 0.108
10 0.22999999999999998 0.594 0.056 0.112
10 0.30799999999999994 0.739 0.064 0.114
10 0.5239999999999999 0.6539999999999999 0.04 0.08
10 0.527 0.7579999999999999 0.046 0.112
10 0.719 0.74 0.05 0.112
10 0.784 0.628 0.044 0.092
10 0.585 0.345 0.09 0.046
10 0.493 0.37 0.082 0.08
10 0.483 0.214 0.058 0.072
10 0.27599999999999997 0.314 0.056 0.068
10 0.328 0.448 0.036 0.068
10 0.69 0.26699999999999996 0.04 0.11
10 0.641 0.33299999999999996 0.06999999999999999 0.098
10 0.6669999999999999 0.509 0.054 0.074
10 0.5399999999999999 0.598 0.044 0.092
10 0.5499999999999999 0.45199999999999996 0.048 0.076
10 0.422 0.502 0.052 0.068
10 0.386 0.20500000000000002 0.064 0.066
10 0.7789999999999999 0.25799999999999995 0.054 0.072
10 0.6930000000000001 0.629 0.09 0.06199999999999999
10 0.223 0.153 0.106 0.05