5 0.46630859375 0.65234375 0.2568359375 0.25
5 0.30322265625 0.5989583333333333 0.2099609375 0.22135416666666666
5 0.73291015625 0.6529947916666666 0.2978515625 0.30078124999999994
5 0.830078125 0.5631510416666666 0.171875 0.29557291666666663
5 0.14892578125 0.482421875 0.2041015625 0.14453124999999997
5 0.3193359375 0.44986979166666663 0.15625 0.13671874999999997
5 0.267578125 0.2766927083333333 0.123046875 0.10026041666666666
5 0.26025390625 0.14062499999999997 0.1650390625 0.10416666666666666
5 0.052734375 0.7161458333333333 0.103515625 0.22916666666666666
5 0.1884765625 0.7063802083333333 0.1953125 0.25651041666666663
5 0.12109375 0.19921875 0.162109375 0.14062499999999997