10 0.44689542483660133 0.4698223039215686 0.23366013071895428 0.5217524509803921
10 0.8082107843137256 0.4318321078431372 0.10008169934640523 0.31893382352941174
10 0.641952614379085 0.7159926470588235 0.30269607843137253 0.2598039215686274
10 0.5351307189542485 0.9080882352941176 0.33986928104575165 0.18321078431372545
10 0.19832516339869283 0.7271752450980392 0.3084150326797385 0.17861519607843135
10 0.496936274509804 0.7807904411764706 0.14256535947712418 0.4378063725490196
10 0.7998366013071896 0.772518382352941 0.11437908496732027 0.24601715686274506
10 0.2800245098039216 0.10585171568627451 0.497140522875817 0.2037377450980392
10 0.7738970588235294 0.10661764705882353 0.4513888888888889 0.1452205882352941
10 0.25040849673202614 0.32291666666666663 0.37336601307189543 0.19852941176470587
10 0.2406045751633987 0.5755208333333333 0.2720588235294118 0.2852328431372549