16 0.417340521114106 0.8501849568434032 0.09793351302785266 0.11960542540073983
16 0.32479784366576825 0.8736128236744759 0.1069182389937107 0.11713933415536373
16 0.761904761904762 0.5727496917385942 0.09164420485175204 0.11713933415536373
16 0.4056603773584906 0.42971639950678175 0.08535489667565141 0.18865598027127004
16 0.37466307277628036 0.5561035758323057 0.10242587601078168 0.13316892725030824
16 0.20350404312668463 0.435881627620222 0.09074573225516622 0.19112207151664612
16 0.26594788858939805 0.5604192355117139 0.1078167115902965 0.11713933415536373
16 0.835130278526505 0.12638717632552404 0.09433962264150944 0.19852034525277434
16 0.6037735849056604 0.13131935881627618 0.09344115004492363 0.20345252774352648
16 0.4308176100628931 0.23366214549938347 0.11769991015274035 0.1319358816276202
16 0.3643306379155436 0.12330456226880394 0.09793351302785266 0.19975339087546237
16 0.30682839173405213 0.23797780517879158 0.11769991015274035 0.13070283600493218
16 0.20080862533692725 0.23119605425400738 0.1051212938005391 0.1220715166461159
16 0.1477987421383648 0.12145499383477189 0.09793351302785266 0.18125770653514178
16 0.09029649595687331 0.24167694204685575 0.12129380053908356 0.13563501849568432