1 0.6233333333333333 0.4571183533447684 0.10666666666666667 0.36192109777015435
1 0.7977777777777777 0.39622641509433965 0.22444444444444445 0.19554030874785594
1 0.8344444444444444 0.6432246998284735 0.09333333333333334 0.2469982847341338
1 0.6405555555555555 0.7092624356775301 0.18555555555555556 0.2109777015437393
1 0.4077777777777778 0.47427101200686106 0.18444444444444444 0.2658662092624357
1 0.4672222222222222 0.7984562607204116 0.18333333333333332 0.23499142367066897
1 0.8394444444444443 0.8481989708404802 0.23444444444444443 0.2315608919382504
1 0.7383333333333333 0.8979416809605489 0.1633333333333333 0.2006861063464837
1 0.2588888888888889 0.3850771869639794 0.11333333333333331 0.4030874785591767
1 0.4122222222222222 0.28130360205831906 0.1111111111111111 0.2538593481989709
1 0.16055555555555553 0.7246998284734134 0.14777777777777776 0.2521440823327616
1 0.31 0.846483704974271 0.14222222222222222 0.15951972555746138
1 0.5194444444444444 0.3224699828473413 0.17666666666666664 0.20926243567753003