1 0.27831715210355984 0.788981288981289 0.22006472491909387 0.4178794178794179
1 0.47572815533980584 0.21101871101871103 0.2459546925566343 0.35550935550935553
1 0.8252427184466019 0.3264033264033265 0.20711974110032363 0.2286902286902287
1 0.8317152103559871 0.5862785862785863 0.21035598705501618 0.1912681912681913
1 0.7661812297734627 0.7120582120582122 0.19579288025889968 0.20582120582120583
1 0.6027508090614886 0.8877338877338877 0.15372168284789645 0.2203742203742204
1 0.9433656957928803 0.8305613305613306 0.11003236245954694 0.288981288981289
1 0.11165048543689321 0.44906444906444914 0.22006472491909387 0.2577962577962578
1 0.215210355987055 0.4927234927234928 0.14886731391585759 0.22453222453222457
1 0.2588996763754045 0.35550935550935553 0.15210355987055016 0.13721413721413722
1 0.8017799352750808 0.17151767151767153 0.24110032362459546 0.21413721413721415
1 0.616504854368932 0.20582120582120583 0.10355987055016182 0.25363825363825365