25 0.6054545454545455 0.7597087378640777 0.07636363636363636 0.16504854368932037
25 0.4254545454545455 0.5036407766990292 0.08727272727272727 0.13349514563106796
25 0.8418181818181818 0.8616504854368933 0.09818181818181818 0.27184466019417475
25 0.879090909090909 0.7245145631067961 0.1290909090909091 0.08495145631067962
25 0.8099999999999999 0.5764563106796117 0.11454545454545453 0.0703883495145631
25 0.22636363636363638 0.47694174757281554 0.12545454545454546 0.20145631067961164
25 0.07818181818181819 0.8422330097087378 0.13454545454545455 0.2815533980582524
25 0.20545454545454545 0.6783980582524272 0.061818181818181814 0.08009708737864078
25 0.23818181818181816 0.8058252427184466 0.08727272727272727 0.2087378640776699
25 0.30636363636363634 0.6626213592233009 0.07818181818181819 0.08252427184466019
25 0.35363636363636364 0.6322815533980582 0.10727272727272727 0.10436893203883495
25 0.4336363636363636 0.8495145631067961 0.10363636363636362 0.2815533980582524
25 0.7245454545454545 0.7851941747572815 0.1 0.27427184466019416