22 0.4634615384615385 0.64375 0.06153846153846154 0.25625000000000003
22 0.27403846153846156 0.6234375000000001 0.05961538461538462 0.146875
22 0.09423076923076924 0.578125 0.057692307692307696 0.25625000000000003
22 0.31634615384615383 0.190625 0.05961538461538462 0.04375
22 0.9096153846153847 0.7390625 0.10384615384615385 0.290625
22 0.9000000000000001 0.428125 0.05 0.125
22 0.7278846153846155 0.6765625 0.05576923076923078 0.17812500000000003
22 0.7115384615384616 0.7828125000000001 0.07692307692307693 0.109375
22 0.7750000000000001 0.859375 0.05384615384615385 0.1875
22 0.6836538461538463 0.484375 0.10192307692307694 0.23125
22 0.8682692307692309 0.6890625000000001 0.04807692307692308 0.184375
22 0.7413461538461539 0.396875 0.07500000000000001 0.16250000000000003
22 0.14326923076923076 0.32500000000000007 0.06346153846153847 0.125
22 0.44038461538461543 0.44843750000000004 0.06538461538461539 0.221875
22 0.37115384615384617 0.5890625 0.07692307692307693 0.20937500000000003
22 0.8961538461538462 0.55625 0.12307692307692308 0.1375
22 0.6096153846153847 0.38593750000000004 0.08461538461538462 0.190625