14 0.3015 0.6713333333333332 0.11499999999999999 0.15866666666666665
14 0.544 0.696 0.144 0.216
14 0.5505 0.5226666666666666 0.13099999999999998 0.11733333333333332
14 0.4225 0.4333333333333333 0.11699999999999999 0.13866666666666666
14 0.3455 0.432 0.06099999999999999 0.09866666666666667
14 0.285 0.42266666666666663 0.074 0.12533333333333332
14 0.237 0.544 0.11999999999999998 0.15733333333333333
14 0.5665 0.40599999999999997 0.11699999999999999 0.1
14 0.5159999999999999 0.3333333333333333 0.06999999999999999 0.13866666666666666
14 0.596 0.31933333333333336 0.09 0.12666666666666665
14 0.7354999999999999 0.328 0.125 0.11466666666666667
14 0.7575000000000001 0.416 0.143 0.09066666666666666
14 0.8354999999999999 0.35533333333333333 0.06899999999999999 0.07866666666666666
14 0.754 0.5586666666666666 0.156 0.104
14 0.856 0.5693333333333332 0.074 0.10666666666666667
14 0.8354999999999999 0.6920000000000001 0.09899999999999999 0.15733333333333333
14 0.4745 0.8333333333333333 0.185 0.17066666666666666
14 0.298 0.8339999999999999 0.176 0.17466666666666666
14 0.11499999999999999 0.6913333333333332 0.11 0.13999999999999999
14 0.075 0.5693333333333332 0.092 0.112