3 0.7347457627118643 0.6777108433734941 0.2423728813559322 0.608433734939759
3 0.4567796610169491 0.34487951807228917 0.2627118644067796 0.34036144578313254
3 0.32881355932203393 0.15813253012048192 0.34576271186440677 0.2620481927710844
3 0.09576271186440678 0.40210843373493976 0.188135593220339 0.32228915662650603
3 0.2966101694915254 0.7409638554216867 0.2135593220338983 0.5120481927710844
3 0.485593220338983 0.8268072289156627 0.1983050847457627 0.34036144578313254
3 0.5627118644067797 0.6265060240963856 0.19661016949152543 0.37349397590361444
3 0.9042372881355932 0.786144578313253 0.14745762711864405 0.4216867469879518
3 0.8677966101694915 0.5210843373493976 0.19661016949152543 0.37349397590361444
3 0.7661016949152543 0.2605421686746988 0.18983050847457628 0.1957831325301205
3 0.5949152542372882 0.11746987951807229 0.17288135593220338 0.12048192771084337