5 0.4222222222222222 0.22633136094674558 0.16 0.2988165680473373
5 0.3744444444444444 0.43195266272189353 0.15333333333333332 0.26627218934911245
5 0.4444444444444444 0.5029585798816568 0.11555555555555555 0.16568047337278108
5 0.7844444444444444 0.6997041420118344 0.17777777777777776 0.34023668639053256
5 0.6244444444444444 0.8298816568047337 0.17333333333333334 0.22189349112426035
5 0.2833333333333333 0.6390532544378699 0.13111111111111112 0.1715976331360947
5 0.12444444444444444 0.8417159763313611 0.13777777777777778 0.2692307692307692
5 0.4266666666666667 0.9275147928994083 0.13777777777777778 0.121301775147929
5 0.7088888888888889 0.17011834319526628 0.14222222222222222 0.23964497041420119
5 0.6566666666666667 0.35059171597633143 0.1622222222222222 0.1863905325443787
5 0.9177777777777778 0.23076923076923078 0.08888888888888888 0.16568047337278108