5 0.16394716394716397 0.15692307692307692 0.09324009324009325 0.10461538461538462
5 0.17210567210567213 0.2830769230769231 0.10644910644910645 0.08307692307692308
5 0.053613053613053616 0.3423076923076923 0.09634809634809635 0.09692307692307692
5 0.14840714840714841 0.41346153846153844 0.08857808857808859 0.09461538461538462
5 0.3263403263403264 0.21384615384615385 0.09013209013209013 0.14153846153846156
5 0.4662004662004663 0.2830769230769231 0.14763014763014765 0.08923076923076922
5 0.49261849261849266 0.17346153846153844 0.1258741258741259 0.12384615384615386
5 0.5567210567210568 0.21807692307692308 0.1421911421911422 0.07461538461538461
5 0.3263403263403264 0.32538461538461544 0.1087801087801088 0.07846153846153846
5 0.14996114996114998 0.505 0.08391608391608393 0.10692307692307693
5 0.24553224553224554 0.5234615384615384 0.11810411810411811 0.08076923076923077
5 0.4087024087024087 0.41500000000000004 0.11188811188811189 0.09769230769230769
5 0.374902874902875 0.48192307692307695 0.11732711732711733 0.08692307692307694
5 0.08275058275058277 0.11038461538461539 0.09090909090909091 0.10692307692307693
5 0.6390831390831391 0.4269230769230769 0.07536907536907538 0.12461538461538463
5 0.7152292152292153 0.4853846153846154 0.13442113442113443 0.10923076923076923
5 0.6122766122766123 0.5234615384615384 0.07459207459207459 0.1253846153846154
5 0.6577311577311579 0.6153846153846154 0.10023310023310025 0.08307692307692308
5 0.7354312354312355 0.6396153846153846 0.10800310800310801 0.10384615384615385
5 0.8372183372183373 0.6407692307692308 0.10023310023310025 0.08153846153846155
5 0.8038073038073038 0.7434615384615385 0.1188811188811189 0.10692307692307693
5 0.6721056721056722 0.7646153846153846 0.09013209013209013 0.10461538461538462
5 0.7004662004662006 0.9461538461538462 0.10489510489510491 0.10461538461538462
5 0.6083916083916084 0.9384615384615386 0.07459207459207459 0.11846153846153847
5 0.5283605283605284 0.9011538461538462 0.08080808080808081 0.11923076923076924
5 0.6534576534576535 0.8500000000000001 0.17715617715617718 0.07230769230769231
5 0.28205128205128205 0.8623076923076923 0.08702408702408704 0.06461538461538462
5 0.2432012432012432 0.9357692307692308 0.07459207459207459 0.1053846153846154
5 0.21561771561771564 0.8423076923076924 0.08935508935508937 0.08923076923076922
5 0.2606837606837607 0.7842307692307693 0.11266511266511267 0.06846153846153846
5 0.2754467754467755 0.655 0.09557109557109557 0.15307692307692308
5 0.2004662004662005 0.63 0.08391608391608393 0.13846153846153847
5 0.3923853923853924 0.696923076923077 0.10101010101010101 0.08923076923076922
5 0.4770784770784771 0.5761538461538461 0.07925407925407926 0.12461538461538463
5 0.5093240093240093 0.6534615384615385 0.09867909867909869 0.08692307692307694
5 0.602952602952603 0.6873076923076924 0.09790209790209792 0.09461538461538462