5 0.5688461538461539 0.6690647482014389 0.1930769230769231 0.25323741007194245
5 0.7542307692307693 0.7564748201438849 0.32230769230769235 0.11726618705035971
5 0.11576923076923078 0.6100719424460431 0.2053846153846154 0.1553956834532374
5 0.31153846153846154 0.6183453237410071 0.1553846153846154 0.24676258992805755
5 0.3873076923076923 0.7485611510791367 0.13923076923076924 0.2266187050359712
5 0.6142307692307692 0.2737410071942446 0.1776923076923077 0.2726618705035971
5 0.7446153846153846 0.11582733812949639 0.3076923076923077 0.10503597122302157
5 0.855 0.19136690647482013 0.27153846153846156 0.09784172661870504
5 0.76 0.2633093525179856 0.14153846153846156 0.1683453237410072
5 0.15192307692307694 0.14820143884892084 0.17923076923076925 0.17841726618705037
5 0.365 0.17589928057553955 0.16999999999999998 0.27841726618705037
5 0.39384615384615385 0.3057553956834532 0.16615384615384615 0.22302158273381292
5 0.20807692307692308 0.3773381294964029 0.29307692307692307 0.1489208633093525