27 0.7489583333333333 0.765972222222222 0.45833333333333337 0.41527777777777775
19 0.23489583333333333 0.7513888888888888 0.34270833333333334 0.38611111111111107
22 0.40677083333333336 0.26805555555555555 0.18645833333333334 0.36666666666666664
22 0.17708333333333334 0.2944444444444444 0.29375 0.38611111111111107
22 0.6010416666666667 0.12569444444444444 0.15000000000000002 0.1847222222222222
22 0.5703125 0.3645833333333333 0.09895833333333334 0.15694444444444441
22 0.6432291666666666 0.38541666666666663 0.08645833333333333 0.23194444444444443
22 0.6812500000000001 0.14027777777777775 0.12083333333333333 0.22777777777777775
22 0.8078125 0.17986111111111108 0.05520833333333334 0.14861111111111108
22 0.9239583333333333 0.39374999999999993 0.13541666666666669 0.23194444444444443
22 0.7239583333333334 0.38402777777777775 0.0875 0.2513888888888889