14 0.33740234375 0.3264900662251655 0.3115234375 0.3562913907284768
14 0.11572265625 0.4463576158940397 0.1552734375 0.2781456953642384
14 0.18212890625 0.18145695364238412 0.1611328125 0.2728476821192053
14 0.63427734375 0.3264900662251655 0.2392578125 0.2768211920529801
14 0.81689453125 0.15761589403973508 0.2392578125 0.16423841059602648
14 0.5927734375 0.15695364238410597 0.21484375 0.16556291390728478
14 0.64013671875 0.7092715231788079 0.3349609375 0.3827814569536424
14 0.2978515625 0.7854304635761589 0.279296875 0.26225165562913905
14 0.17626953125 0.8721854304635761 0.1611328125 0.19999999999999998
14 0.19970703125 0.6629139072847681 0.1669921875 0.22384105960264902
14 0.830078125 0.509933774834437 0.177734375 0.31523178807947017
14 0.87890625 0.8132450331125827 0.171875 0.3390728476821192