19 0.7881250000000001 0.46511627906976744 0.14625000000000002 0.3820598006644518
19 0.6581250000000001 0.4667774086378737 0.09874999999999999 0.44518272425249167
19 0.481875 0.24003322259136212 0.13375 0.287375415282392
19 0.29250000000000004 0.728405315614618 0.1375 0.38704318936877075
19 0.3575 0.46013289036544847 0.10250000000000001 0.1661129568106312
19 0.26937500000000003 0.21262458471760798 0.07625000000000001 0.1760797342192691
19 0.16937500000000003 0.2682724252491694 0.07125000000000001 0.17109634551495018
19 0.9618749999999999 0.574750830564784 0.07375 0.36212624584717606
19 0.6793750000000001 0.13704318936877075 0.12375000000000001 0.23754152823920266
19 0.23125 0.5224252491694352 0.0625 0.2009966777408638
19 0.46375000000000005 0.8064784053156147 0.07500000000000001 0.12790697674418602