28 0.2958211143695015 0.6288546255506607 0.16422287390029325 0.20594713656387664
28 0.6301319648093842 0.4972466960352423 0.13636363636363635 0.1629955947136564
28 0.3680351906158358 0.23348017621145375 0.10483870967741936 0.14647577092511013
28 0.4879032258064516 0.10352422907488987 0.1378299120234604 0.13325991189427314
28 0.6279325513196482 0.316079295154185 0.11436950146627566 0.1354625550660793
28 0.0718475073313783 0.22687224669603523 0.12243401759530793 0.13986784140969163
28 0.22067448680351906 0.42566079295154186 0.14002932551319647 0.11674008810572688
28 0.8005865102639297 0.8535242290748898 0.1092375366568915 0.11123348017621146
28 0.6282991202346041 0.15363436123348018 0.07844574780058651 0.09911894273127754
28 0.5548020527859238 0.9599394273127753 0.13453079178885632 0.0795704845814978
28 0.3311950146627566 0.06428964757709252 0.10813782991202346 0.1280286343612335
28 0.3284457478005865 0.7946035242290749 0.11510263929618768 0.19603524229074892
28 0.5480205278592375 0.18612334801762115 0.08944281524926687 0.13105726872246695