25 0.5078125 0.9537760416666666 0.1171875 0.08984375
25 0.44677734375 0.4036458333333333 0.1318359375 0.12760416666666666
25 0.6025390625 0.3723958333333333 0.099609375 0.07291666666666666
25 0.47509765625 0.24153645833333331 0.0791015625 0.17317708333333331
25 0.32763671875 0.80859375 0.1435546875 0.24739583333333331
25 0.66796875 0.9420572916666666 0.107421875 0.11328125
25 0.70458984375 0.6432291666666666 0.0712890625 0.109375
25 0.2177734375 0.33268229166666663 0.150390625 0.06640624999999999
25 0.15380859375 0.39127604166666663 0.1865234375 0.09765625
25 0.484375 0.7252604166666666 0.1015625 0.125
25 0.53759765625 0.8463541666666666 0.0810546875 0.07291666666666666
25 0.63916015625 0.8470052083333333 0.0810546875 0.045572916666666664
25 0.64697265625 0.7734375 0.0849609375 0.07552083333333333
25 0.54638671875 0.759765625 0.0732421875 0.06380208333333333
25 0.458984375 0.5104166666666666 0.166015625 0.13541666666666666
25 0.59375 0.5683593749999999 0.046875 0.06640624999999999
25 0.70751953125 0.7962239583333333 0.1083984375 0.13932291666666666
25 0.1875 0.6048177083333333 0.169921875 0.15755208333333331
25 0.140625 0.8639322916666666 0.16015625 0.26953124999999994