25 0.35788651743883393 0.1644555002763958 0.05153565851119209 0.05804311774461028
25 0.35684539302446644 0.3711995577667219 0.039042165538781884 0.062465450525152025
25 0.5262883914627798 0.19762299613045883 0.03748047891723061 0.05693753454947485
25 0.5447683498178032 0.33333333333333337 0.04737116085372202 0.06854615809839691
25 0.6241540864133264 0.24599226091763407 0.04476834981780323 0.05638474295190713
25 0.6605934409161894 0.20398009950248758 0.03748047891723061 0.034273079049198456
25 0.24960957834461217 0.40574903261470424 0.07652264445601249 0.06522940851299061
25 0.18219677251431546 0.37064676616915426 0.09474232170744404 0.09342177998894417
25 0.2886517438833941 0.2625760088446656 0.07339927121290994 0.0552791597567717
25 0.3984903695991671 0.35461580983969043 0.0400832899531494 0.09010503040353787
25 0.13170223841749087 0.8466003316749586 0.08433107756376887 0.14870093974571585
25 0.08355023425299324 0.7482034273079049 0.05778240499739719 0.0912106135986733
25 0.6790733992712129 0.7172470978441129 0.10359187922956793 0.1818684355997789
25 0.5890161374284226 0.5674405749032615 0.10671525247267047 0.14870093974571585
25 0.6634565330557002 0.3504698728579326 0.05153565851119209 0.047540077390823665
25 0.418011452368558 0.23908236594803758 0.0739198334200937 0.05804311774461028
25 0.3453930244664237 0.2846876727473742 0.039042165538781884 0.051962410171365395