19 0.39853395061728397 0.7849794238683128 0.0941358024691358 0.24279835390946503
19 0.5333719135802469 0.7746913580246914 0.12075617283950615 0.26337448559670784
19 0.5140817901234568 0.5254629629629629 0.04822530864197531 0.1476337448559671
19 0.6153549382716049 0.35905349794238683 0.10108024691358024 0.14300411522633744
19 0.8711419753086419 0.8428497942386831 0.13271604938271603 0.2618312757201646
19 0.7654320987654321 0.6015946502057613 0.07098765432098765 0.1527777777777778
19 0.1415895061728395 0.4313271604938272 0.09645061728395062 0.3523662551440329
19 0.2152777777777778 0.14943415637860083 0.11342592592592592 0.2957818930041152
19 0.22935956790123455 0.34156378600823045 0.05671296296296296 0.11728395061728394
21 0.3946759259259259 0.4176954732510288 0.07484567901234568 0.13786008230452673
21 0.7058256172839505 0.2978395061728395 0.04822530864197531 0.22325102880658437
21 0.9677854938271604 0.6309156378600823 0.06365740740740741 0.169238683127572
19 0.3362268518518518 0.25385802469135804 0.07368827160493827 0.2247942386831276
21 0.519483024691358 0.35905349794238683 0.08063271604938271 0.13991769547325103
21 0.8136574074074073 0.27006172839506176 0.07098765432098765 0.102880658436214
21 0.8076774691358024 0.17258230452674897 0.07368827160493827 0.08487654320987653
21 0.05478395061728395 0.7602880658436214 0.0941358024691358 0.17695473251028807
19 0.45621141975308643 0.07844650205761318 0.09143518518518519 0.12191358024691358
21 0.9373070987654321 0.2569444444444444 0.06520061728395062 0.19598765432098764