5 0.042869641294838154 0.7911318553092183 0.08223972003499563 0.17969661610268378
5 0.11811023622047245 0.6831971995332555 0.0699912510936133 0.09451575262543757
5 0.2672790901137358 0.7998833138856476 0.20559930008748908 0.23687281213535588
5 0.43657042869641294 0.8319719953325554 0.10323709536307962 0.15635939323220535
5 0.5861767279090114 0.8004667444574096 0.20297462817147857 0.2193698949824971
5 0.7957130358705162 0.8442240373395566 0.1846019247594051 0.20420070011668612
5 0.7454068241469817 0.6149358226371062 0.0699912510936133 0.15869311551925322
5 0.8136482939632546 0.6254375729288214 0.12423447069116361 0.14002333722287047
5 0.8582677165354331 0.5974329054842473 0.1294838145231846 0.14702450408401402
5 0.8928258967629047 0.3430571761960327 0.06386701662292214 0.14002333722287047
5 0.7987751531058618 0.36756126021003505 0.13123359580052493 0.16802800466744458
5 0.6867891513560805 0.38448074679113187 0.1399825021872266 0.09918319719953325
5 0.3359580052493438 0.29171528588098017 0.13823272090988625 0.19369894982497085
5 0.49606299212598426 0.2847141190198367 0.15923009623797027 0.29404900816802804
5 0.6251093613298337 0.08868144690781797 0.1163604549431321 0.14935822637106183