3 0.26875 0.31905594405594406 0.39 0.29545454545454547
3 0.8206249999999999 0.5358391608391608 0.33125000000000004 0.21853146853146851
3 0.233125 0.6879370629370629 0.35375 0.34440559440559443
3 0.46499999999999997 0.6311188811188811 0.155 0.3251748251748252
3 0.7412500000000001 0.8155594405594406 0.2625 0.36538461538461536
3 0.49 0.9003496503496504 0.15250000000000002 0.1958041958041958
3 0.524375 0.20279720279720279 0.11875 0.40209790209790214
3 0.7731250000000001 0.29283216783216787 0.35125 0.3164335664335664
3 0.344375 0.14248251748251747 0.20124999999999998 0.28146853146853146
3 0.7112499999999999 0.131993006993007 0.21 0.26048951048951047
3 0.353125 0.8741258741258741 0.16624999999999998 0.24825174825174828