29 0.12666666666666665 0.17491166077738518 0.1111111111111111 0.3215547703180212
29 0.11222222222222222 0.5600706713780919 0.14888888888888888 0.36395759717314485
29 0.3533333333333333 0.6501766784452296 0.28888888888888886 0.5795053003533569
29 0.7511111111111111 0.19964664310954067 0.3111111111111111 0.3144876325088339
29 0.5955555555555555 0.7915194346289753 0.21777777777777776 0.40989399293286216
29 0.5488888888888889 0.42226148409893993 0.22666666666666663 0.3568904593639576
29 0.8166666666666665 0.5477031802120141 0.2422222222222222 0.303886925795053
29 0.38666666666666666 0.21378091872791521 0.10222222222222221 0.29328621908127206
29 0.05222222222222222 0.19787985865724383 0.1 0.31802120141342755
29 0.7944444444444444 0.8515901060070672 0.20666666666666667 0.28975265017667845
29 0.9455555555555555 0.8798586572438162 0.10444444444444444 0.23321554770318023