5 0.5435505319148937 0.639 0.20013297872340424 0.38699999999999996
5 0.3831449468085107 0.5485 0.22174202127659576 0.237
5 0.19930186170212766 0.45249999999999996 0.16456117021276595 0.273
5 0.3178191489361702 0.39599999999999996 0.09375 0.21
5 0.5797872340425532 0.1535 0.1988031914893617 0.125
5 0.6776928191489362 0.26649999999999996 0.13131648936170215 0.26199999999999996
5 0.8472406914893618 0.32025 0.2376994680851064 0.1695
5 0.9409906914893618 0.4545 0.11735372340425533 0.26599999999999996
5 0.9456449468085106 0.7929999999999999 0.10804521276595745 0.369
5 0.8550531914893618 0.70925 0.11502659574468085 0.3305
5 0.7036236702127661 0.88175 0.18783244680851066 0.2075
5 0.09308510638297873 0.8382499999999999 0.1761968085106383 0.24849999999999997
5 0.42337101063829785 0.1485 0.11136968085106383 0.176
5 0.4576130319148936 0.28425 0.04554521276595745 0.0935
5 0.5285904255319149 0.243 0.10904255319148937 0.089
5 0.7574800531914895 0.54925 0.1379654255319149 0.1295
5 0.8176529255319149 0.503 0.036901595744680854 0.076