5 0.40949554896142437 0.2839248434237996 0.12462908011869436 0.2129436325678497
5 0.5007418397626112 0.4488517745302714 0.08753709198813056 0.1419624217118998
5 0.1231454005934718 0.41022964509394577 0.0801186943620178 0.1524008350730689
5 0.04821958456973294 0.47703549060542805 0.09050445103857567 0.11899791231732777
5 0.31750741839762614 0.06889352818371608 0.2195845697329377 0.13361169102296452
5 0.7618694362017805 0.3246346555323591 0.1083086053412463 0.1816283924843424
5 0.8954005934718101 0.4759916492693111 0.14985163204747776 0.11691022964509395
5 0.9591988130563798 0.2849686847599165 0.07863501483679526 0.20668058455114824
5 0.3427299703264095 0.7828810020876827 0.1661721068249258 0.12526096033402923
5 0.41617210682492584 0.9164926931106473 0.08456973293768547 0.162839248434238
5 0.40281899109792285 0.6064718162839249 0.08753709198813056 0.16910229645093947
5 0.6008902077151336 0.9175365344467642 0.10089020771513353 0.06889352818371608
5 0.6313056379821957 0.6858037578288101 0.08456973293768547 0.139874739039666
5 0.5148367952522255 0.325678496868476 0.06231454005934718 0.1419624217118998
5 0.3902077151335312 0.4519832985386222 0.1543026706231454 0.14405010438413363