25 0.6448688271604938 0.20318930041152264 0.07137345679012345 0.05452674897119341
25 0.5881558641975309 0.1502057613168724 0.05208333333333333 0.11316872427983539
25 0.41705246913580246 0.9133230452674896 0.05478395061728395 0.08179012345679013
25 0.4270833333333333 0.8076131687242799 0.059413580246913573 0.05761316872427984
25 0.4234182098765432 0.8680555555555555 0.05825617283950617 0.04063786008230452
25 0.9396219135802468 0.5573559670781892 0.09915123456790123 0.11265432098765432
25 0.9097222222222221 0.6417181069958848 0.11342592592592592 0.10030864197530863
25 0.4461805555555556 0.566358024691358 0.06365740740740741 0.09362139917695472
25 0.400270061728395 0.42824074074074076 0.07600308641975308 0.0941358024691358
25 0.3518518518518518 0.37011316872427985 0.05401234567901235 0.11059670781893004
25 0.3470293209876543 0.27237654320987653 0.05285493827160493 0.05401234567901235
25 0.5493827160493827 0.46733539094650206 0.08333333333333333 0.07767489711934157
25 0.5883487654320987 0.6268004115226338 0.10262345679012344 0.12294238683127572
25 0.4949845679012345 0.6939300411522633 0.07098765432098765 0.12448559670781892