18 0.4682677469135802 0.8333333333333333 0.1576003086419753 0.2795138888888889
18 0.7259837962962963 0.5989583333333333 0.16493055555555555 0.265625
18 0.787133487654321 0.43070023148148145 0.14834104938271603 0.1652199074074074
18 0.8903356481481481 0.6258680555555555 0.18460648148148145 0.2355324074074074
18 0.5243055555555555 0.6487268518518519 0.1909722222222222 0.1597222222222222
18 0.3653549382716049 0.7024016203703703 0.16165123456790123 0.24797453703703703
18 0.19000771604938269 0.7243923611111112 0.14506172839506173 0.2149884259259259
18 0.1476658950617284 0.5102719907407407 0.1745756172839506 0.1941550925925926
18 0.5525655864197531 0.4292534722222222 0.16685956790123457 0.23524305555555552
18 0.5543981481481481 0.24696180555555552 0.14429012345679013 0.2138310185185185
18 0.4247685185185185 0.2763310185185185 0.14621913580246912 0.2372685185185185
18 0.24209104938271603 0.349537037037037 0.1419753086419753 0.20081018518518517
18 0.3133680555555556 0.1950231481481481 0.11014660493827161 0.1736111111111111
18 0.10088734567901234 0.6514756944444444 0.14506172839506173 0.20688657407407407