5 0.1558641975308642 0.22016460905349794 0.13734567901234568 0.1522633744855967
5 0.08256172839506172 0.3922325102880659 0.08487654320987653 0.18569958847736626
5 0.4909336419753086 0.7916666666666666 0.10300925925925924 0.19958847736625515
5 0.5864197530864197 0.7196502057613169 0.0787037037037037 0.25308641975308643
5 0.5401234567901234 0.5928497942386831 0.11342592592592592 0.13734567901234568
5 0.6101466049382716 0.4951131687242798 0.1747685185185185 0.17746913580246915
5 0.49209104938271603 0.24639917695473249 0.1277006172839506 0.24279835390946503
5 0.6234567901234568 0.11882716049382716 0.16203703703703703 0.1388888888888889
5 0.35011574074074076 0.9349279835390946 0.16242283950617284 0.12911522633744857
5 0.2970679012345679 0.8091563786008231 0.15046296296296297 0.09156378600823044
5 0.5300925925925926 0.9197530864197531 0.09799382716049382 0.15946502057613168
5 0.6089891975308641 0.8852880658436214 0.06520061728395062 0.15329218106995884
5 0.6938657407407407 0.8292181069958848 0.17708333333333331 0.1522633744855967
5 0.24652777777777773 0.30426954732510286 0.11188271604938271 0.17952674897119342