5 0.17299270072992698 0.4817184643510055 0.31386861313868614 0.38391224862888484
5 0.3781021897810219 0.4629798903107861 0.1635036496350365 0.2842778793418647
5 0.8952554744525547 0.5018281535648994 0.1700729927007299 0.510054844606947
5 0.7335766423357664 0.7212065813528337 0.18394160583941604 0.3912248628884826
5 0.512043795620438 0.6329981718464351 0.1948905109489051 0.24223034734917734
5 0.2832116788321168 0.8299817184643511 0.20875912408759126 0.2797074954296161
5 0.19379562043795617 0.13893967093235832 0.30583941605839415 0.25594149908592323
5 0.7901459854014597 0.1809872029250457 0.18613138686131386 0.35100548446069474
5 0.6091240875912408 0.13893967093235832 0.2021897810218978 0.18647166361974407
5 0.558029197080292 0.7486288848263254 0.10145985401459855 0.12614259597806216
5 0.583941605839416 0.8491773308957953 0.2656934306569343 0.29981718464351004