5 0.295625 0.36679174484052535 0.115 0.22889305816135083
5 0.4896875 0.5295497185741088 0.133125 0.1848030018761726
5 0.6403125000000001 0.5773921200750469 0.138125 0.2429643527204503
5 0.8746875000000001 0.5440900562851783 0.150625 0.2457786116322702
5 0.7899999999999999 0.27673545966228896 0.20750000000000002 0.24202626641651032
5 0.5940624999999999 0.38930581613508447 0.214375 0.15384615384615385
5 0.5915625 0.29878048780487804 0.146875 0.1848030018761726
5 0.755 0.573170731707317 0.17750000000000002 0.16510318949343342
5 0.7465625 0.7453095684803002 0.134375 0.12851782363977488
5 0.6284375 0.8377110694183865 0.146875 0.1482176360225141
5 0.38750000000000007 0.7861163227016886 0.13625 0.18011257035647282
5 0.249375 0.6121013133208255 0.11875 0.20731707317073172
5 0.143125 0.623827392120075 0.11624999999999999 0.25140712945591
5 0.08812500000000001 0.4812382739212007 0.12875 0.15947467166979362
5 0.18937500000000002 0.44183864915572235 0.10875 0.16322701688555347
5 0.1078125 0.3053470919324578 0.19687500000000002 0.25422138836772984
5 0.2025 0.125703564727955 0.14125000000000001 0.2157598499061914
5 0.8037500000000001 0.9038461538461539 0.15625 0.18667917448405252
5 0.934375 0.7110694183864916 0.13 0.19699812382739212