21 0.35475 0.5498333333333333 0.112 0.243
21 0.26237499999999997 0.48716666666666664 0.09175 0.181
21 0.166625 0.6101666666666666 0.08574999999999999 0.29033333333333333
21 0.23274999999999998 0.37999999999999995 0.1275 0.1
21 0.39575 0.3901666666666666 0.144 0.11099999999999999
21 0.363625 0.31166666666666665 0.15824999999999997 0.10933333333333334
21 0.20937499999999998 0.3125 0.11424999999999999 0.11433333333333333
21 0.191 0.245 0.1275 0.15399999999999997
21 0.08925 0.5523333333333332 0.119 0.13333333333333333
21 0.22425 0.9059999999999999 0.1135 0.18733333333333332
21 0.202375 0.7766666666666666 0.12625 0.12533333333333332
21 0.24937499999999999 0.6846666666666666 0.11324999999999999 0.09066666666666666
21 0.35475 0.9093333333333333 0.12399999999999999 0.18066666666666664
21 0.385625 0.7878333333333333 0.11674999999999999 0.13499999999999998
21 0.456 0.8121666666666667 0.08549999999999999 0.165
21 0.53575 0.8996666666666666 0.1215 0.18733333333333332
21 0.569 0.6475000000000001 0.08099999999999999 0.19366666666666665
21 0.5386249999999999 0.7156666666666667 0.11324999999999999 0.108
21 0.62675 0.6148333333333332 0.10849999999999999 0.19499999999999998
21 0.5927499999999999 0.4728333333333333 0.15 0.11766666666666666
21 0.5183749999999999 0.3665 0.06774999999999999 0.127
21 0.4065 0.3893333333333333 0.1465 0.046
21 0.388625 0.103 0.07025 0.08866666666666666
21 0.7742499999999999 0.7266666666666666 0.106 0.29533333333333334
21 0.87725 0.4721666666666667 0.17149999999999999 0.16033333333333333
21 0.9148749999999999 0.6131666666666666 0.11324999999999999 0.14766666666666667
21 0.9016249999999999 0.33633333333333326 0.12975 0.13666666666666666
21 0.7112499999999999 0.39516666666666667 0.0965 0.060333333333333336
21 0.6308749999999999 0.31566666666666665 0.19275 0.11133333333333334
21 0.651125 0.17916666666666667 0.10475 0.11099999999999999
21 0.46125 0.20533333333333334 0.10099999999999999 0.116
21 0.340875 0.2528333333333333 0.12025 0.08433333333333334
21 0.435625 0.5663333333333334 0.08324999999999999 0.21266666666666664