8 0.13348765432098764 0.5986570247933884 0.15200617283950615 0.2830578512396694
8 0.20177469135802467 0.41219008264462814 0.1280864197530864 0.33367768595041325
8 0.16473765432098764 0.1399793388429752 0.20987654320987653 0.2727272727272727
8 0.9033564814814814 0.11363636363636363 0.14467592592592593 0.22623966942148763
8 0.9452160493827161 0.5072314049586777 0.10108024691358024 0.6394628099173555
8 0.5162037037037037 0.8858471074380165 0.23379629629629628 0.22727272727272727
8 0.3186728395061728 0.6296487603305785 0.11651234567901234 0.36157024793388426
8 0.5003858024691358 0.44886363636363635 0.14351851851851852 0.1694214876033058
8 0.4209104938271605 0.694214876033058 0.24074074074074073 0.13739669421487605
8 0.8530092592592593 0.7629132231404958 0.27932098765432095 0.18388429752066118
8 0.5933641975308641 0.30010330578512395 0.12731481481481483 0.15082644628099173
8 0.7318672839506172 0.21952479338842976 0.10493827160493827 0.22107438016528927
8 0.26195987654320985 0.9137396694214875 0.14814814814814814 0.17148760330578514
8 0.09780092592592592 0.8491735537190083 0.07060185185185185 0.30061983471074377