28 0.22446110590440488 0.35625000000000007 0.23523898781630742 0.12375000000000001
28 0.41705716963448924 0.2340625 0.29240862230552955 0.179375
28 0.5009372071227742 0.0696875 0.2577319587628866 0.138125
28 0.8270852858481725 0.41000000000000003 0.22586691658856609 0.15375
28 0.12792877225866917 0.5975 0.21649484536082475 0.12875
28 0.18134957825679476 0.48125000000000007 0.21274601686972822 0.10125
28 0.36597938144329895 0.7328125000000001 0.1246485473289597 0.11437499999999999
28 0.32567947516401125 0.8275 0.11152764761012184 0.0725
28 0.5449859418931584 0.7256250000000001 0.19025304592314904 0.125
28 0.8059981255857546 0.26406250000000003 0.18181818181818182 0.099375
28 0.7938144329896908 0.18125000000000002 0.24554826616682288 0.17125
28 0.11012183692596064 0.264375 0.21836925960637302 0.14375000000000002
28 0.5885660731021556 0.5571875000000001 0.1893158388003749 0.12812500000000002