21 0.47250000000000003 0.3146875 0.07375 0.153125
21 0.51125 0.526875 0.09625 0.1375
21 0.46468750000000003 0.6062500000000001 0.180625 0.07
21 0.6353125000000001 0.4084375 0.120625 0.150625
21 0.5725 0.173125 0.16 0.09874999999999999
21 0.578125 0.2559375 0.08125000000000002 0.12812500000000002
21 0.7409375 0.3646875 0.183125 0.093125
21 0.8831249999999999 0.3028125 0.15125 0.138125
21 0.9296875 0.5521875 0.093125 0.22062500000000002
21 0.7190624999999999 0.815625 0.115625 0.19375000000000003
21 0.4584375 0.7890625 0.146875 0.10437500000000001
21 0.6187500000000001 0.9003125000000001 0.11000000000000001 0.198125
21 0.0678125 0.46156250000000004 0.134375 0.15812500000000002
21 0.09250000000000001 0.6371875 0.105 0.068125
21 0.16593750000000002 0.77625 0.146875 0.16875
21 0.270625 0.5290625 0.10875 0.11937500000000001
21 0.26906250000000004 0.3271875 0.129375 0.093125
21 0.18625 0.245625 0.09125 0.14
21 0.08468750000000001 0.299375 0.155625 0.09
21 0.6965625 0.15250000000000002 0.08312499999999999 0.09874999999999999
21 0.6871875000000001 0.0709375 0.084375 0.113125
21 0.79625 0.6034375 0.1075 0.183125
21 0.6646875 0.6571874999999999 0.164375 0.109375