21 0.636852394916911 0.608843537414966 0.14760508308895406 0.27891156462585037
21 0.13685239491691106 0.5462585034013606 0.21896383186705767 0.17823129251700684
21 0.2986314760508309 0.6748299319727893 0.11241446725317693 0.2557823129251701
21 0.23118279569892472 0.3891156462585034 0.14173998044965788 0.19863945578231293
21 0.30938416422287396 0.3081632653061225 0.14565004887585534 0.14285714285714285
21 0.4828934506353862 0.45306122448979597 0.12903225806451613 0.0816326530612245
21 0.633919843597263 0.4231292517006803 0.17888563049853373 0.08979591836734693
21 0.7390029325513197 0.36530612244897964 0.06451612903225806 0.23537414965986397
21 0.873900293255132 0.5251700680272109 0.21896383186705767 0.16054421768707483
21 0.5747800586510264 0.8727891156462586 0.14858260019550343 0.09659863945578231
21 0.45356793743890517 0.8673469387755103 0.10166177908113393 0.09387755102040818
21 0.5254154447702836 0.934013605442177 0.06744868035190617 0.09115646258503401
21 0.5845552297165201 0.18231292517006803 0.08602150537634409 0.18775510204081636
21 0.45650048875855326 0.11904761904761905 0.14467253176930597 0.17006802721088435
21 0.5967741935483871 0.291156462585034 0.0967741935483871 0.05714285714285715
21 0.5166177908113393 0.2285714285714286 0.06744868035190617 0.1197278911564626
21 0.4814271749755621 0.2469387755102041 0.10654936461388075 0.09931972789115646
21 0.37145650048875856 0.6306122448979592 0.08602150537634409 0.1510204081632653