15 0.52 0.2653333333333333 0.204 0.3973333333333333
15 0.604 0.5586666666666666 0.268 0.2693333333333333
15 0.337 0.5213333333333333 0.246 0.2693333333333333
15 0.338 0.25066666666666665 0.26 0.3093333333333333
15 0.12199999999999998 0.092 0.208 0.17866666666666667
15 0.096 0.304 0.188 0.2613333333333333
15 0.151 0.5226666666666666 0.15799999999999997 0.23466666666666663
15 0.7439999999999999 0.27466666666666667 0.18 0.3253333333333333
15 0.8669999999999999 0.5933333333333333 0.26199999999999996 0.2853333333333333
15 0.8180000000000001 0.8693333333333333 0.288 0.256
15 0.5479999999999999 0.7906666666666666 0.208 0.3813333333333333
15 0.304 0.876 0.328 0.24266666666666664