23 0.577 0.5626666666666666 0.11 0.2613333333333333
23 0.6689999999999999 0.7373333333333333 0.178 0.14133333333333334
23 0.282 0.4173333333333333 0.144 0.3333333333333333
23 0.383 0.5599999999999999 0.102 0.256
23 0.45199999999999996 0.2866666666666667 0.132 0.2533333333333333
23 0.5319999999999999 0.12266666666666667 0.132 0.10666666666666667
23 0.49599999999999994 0.45466666666666666 0.132 0.24799999999999997
23 0.43299999999999994 0.7573333333333333 0.25 0.14933333333333332
23 0.9139999999999999 0.7133333333333334 0.16799999999999998 0.43466666666666665
23 0.802 0.41466666666666663 0.172 0.14133333333333334
23 0.6950000000000001 0.5826666666666667 0.19799999999999998 0.25866666666666666