25 0.69921875 0.7715430861723446 0.12760416666666666 0.22444889779559116
25 0.7669270833333333 0.4939879759519038 0.13541666666666666 0.1503006012024048
25 0.400390625 0.8697394789579158 0.25651041666666663 0.22444889779559116
25 0.36979166666666663 0.4348697394789579 0.11458333333333333 0.22444889779559116
25 0.5162760416666666 0.156312625250501 0.24869791666666666 0.3006012024048096
25 0.5904947916666666 0.46793587174348694 0.19401041666666666 0.15430861723446893
25 0.5722656249999999 0.2895791583166333 0.15494791666666666 0.250501002004008
25 0.36393229166666663 0.656312625250501 0.14453124999999997 0.15831663326653306
25 0.451171875 0.4158316633266533 0.11588541666666666 0.20240480961923846
25 0.22526041666666666 0.7565130260521042 0.19010416666666666 0.35070140280561124
25 0.236328125 0.35571142284569135 0.13671874999999997 0.30260521042084165