23 0.49083333333333334 0.4233333333333333 0.22666666666666668 0.22666666666666663
23 0.895 0.5688888888888889 0.20833333333333334 0.14444444444444443
23 0.2379166666666667 0.27055555555555555 0.18583333333333335 0.46111111111111114
23 0.3925 0.29388888888888887 0.20166666666666666 0.5033333333333333
23 0.7595833333333334 0.15777777777777777 0.2525 0.3
23 0.9004166666666666 0.7655555555555555 0.17416666666666666 0.29333333333333333
23 0.68625 0.7438888888888889 0.20083333333333334 0.3122222222222222
23 0.6479166666666667 0.46388888888888885 0.20916666666666667 0.26999999999999996
23 0.44958333333333333 0.8122222222222223 0.23583333333333334 0.37333333333333335
23 0.3404166666666667 0.6827777777777778 0.21916666666666668 0.25
23 0.18333333333333332 0.6777777777777777 0.20833333333333334 0.41333333333333333
23 0.0775 0.42444444444444446 0.14833333333333334 0.49777777777777776