26 0.13541666666666669 0.4159722222222222 0.13333333333333333 0.22638888888888886
26 0.18177083333333335 0.46388888888888885 0.07187500000000001 0.20833333333333331
26 0.6395833333333333 0.3444444444444444 0.08125000000000002 0.24166666666666664
26 0.7921875 0.49513888888888885 0.15520833333333334 0.16527777777777775
26 0.8270833333333333 0.6201388888888888 0.11041666666666668 0.13472222222222222
26 0.7473958333333334 0.6229166666666667 0.11145833333333334 0.11249999999999999
26 0.6875 0.5493055555555555 0.06875 0.12916666666666665
26 0.28229166666666666 0.3659722222222222 0.07291666666666667 0.04583333333333333
26 0.38333333333333336 0.3645833333333333 0.06875 0.07083333333333333
26 0.396875 0.4333333333333333 0.027083333333333334 0.08333333333333333
26 0.34895833333333337 0.475 0.07500000000000001 0.05277777777777777
26 0.3067708333333333 0.6416666666666665 0.05729166666666667 0.13888888888888887
26 0.24895833333333336 0.5791666666666666 0.11250000000000002 0.2638888888888889
26 0.36302083333333335 0.5715277777777777 0.09270833333333334 0.12083333333333332
26 0.49114583333333334 0.4361111111111111 0.140625 0.11111111111111109
26 0.5744791666666667 0.47916666666666663 0.07395833333333333 0.13055555555555554