25 0.07407407407407407 0.4402035623409669 0.11992945326278659 0.183206106870229
25 0.6049382716049382 0.6399491094147582 0.11640211640211638 0.1908396946564885
25 0.9250440917107583 0.6577608142493638 0.1146384479717813 0.1653944020356234
25 0.8412698412698413 0.6081424936386768 0.06701940035273368 0.12213740458015267
25 0.35890652557319225 0.30788804071246817 0.09700176366843033 0.10178117048346055
25 0.07583774250440917 0.6170483460559796 0.08112874779541447 0.15521628498727733
25 0.1384479717813051 0.8295165394402034 0.09347442680776014 0.13231552162849872
25 0.19929453262786595 0.6526717557251908 0.06701940035273368 0.15521628498727733
25 0.2204585537918871 0.40839694656488545 0.09876543209876543 0.17048346055979643
25 0.30952380952380953 0.10687022900763357 0.1710758377425044 0.16793893129770993
25 0.519400352733686 0.05216284987277353 0.19929453262786595 0.09923664122137403
25 0.8518518518518517 0.13104325699745545 0.15520282186948853 0.11959287531806616
25 0.8932980599647267 0.3638676844783715 0.18165784832451498 0.3002544529262086
25 0.6067019400352733 0.3371501272264631 0.17636684303350966 0.21628498727735368
25 0.6895943562610228 0.381679389312977 0.08818342151675483 0.17302798982188294
25 0.8456790123456789 0.8918575063613231 0.10758377425044091 0.21119592875318063
25 0.6234567901234568 0.8295165394402034 0.18518518518518517 0.183206106870229
25 0.30864197530864196 0.876590330788804 0.18694885361552027 0.24173027989821882
25 0.3527336860670193 0.7264631043256997 0.11640211640211638 0.1297709923664122
25 0.3844797178130511 0.5916030534351144 0.10934744268077602 0.10432569974554706
25 0.517636684303351 0.589058524173028 0.10758377425044091 0.10432569974554706
25 0.44268077601410927 0.8002544529262086 0.09171075837742504 0.272264631043257