24 0.07804232804232804 0.26260869565217393 0.11640211640211638 0.12521739130434784
24 0.7334656084656085 0.8921739130434783 0.08333333333333333 0.11130434782608696
24 0.8293650793650793 0.6069565217391305 0.11375661375661375 0.07304347826086957
24 0.3306878306878307 0.7295652173913043 0.11375661375661375 0.1408695652173913
24 0.6772486772486772 0.7913043478260869 0.12698412698412698 0.10782608695652174
24 0.7466931216931217 0.46 0.0992063492063492 0.16173913043478264
24 0.5059523809523809 0.6321739130434783 0.08333333333333333 0.10260869565217391
24 0.3988095238095238 0.5452173913043479 0.09391534391534392 0.10608695652173913
24 0.4074074074074074 0.8304347826086957 0.05820105820105819 0.1826086956521739
24 0.6256613756613756 0.6591304347826087 0.10052910052910052 0.16695652173913045
24 0.6474867724867723 0.30695652173913046 0.04894179894179894 0.20347826086956522
24 0.580026455026455 0.568695652173913 0.08068783068783068 0.08695652173913045
24 0.47619047619047616 0.42086956521739133 0.082010582010582 0.14956521739130435