5 0.1459375 0.38661417322834646 0.16562500000000002 0.2062992125984252
5 0.27125 0.4003937007874016 0.10875 0.17559055118110237
5 0.236875 0.6149606299212599 0.1 0.2141732283464567
5 0.1215625 0.5539370078740158 0.13687500000000002 0.1346456692913386
5 0.3071875 0.5744094488188977 0.10437500000000001 0.13937007874015747
5 0.34781249999999997 0.6346456692913386 0.116875 0.14173228346456693
5 0.43625 0.7496062992125984 0.16250000000000003 0.27716535433070866
5 0.608125 0.7090551181102362 0.1075 0.14251968503937007
5 0.7059375 0.584251968503937 0.13687500000000002 0.11338582677165353
5 0.5134375 0.5818897637795275 0.19687500000000002 0.1811023622047244
5 0.4740625 0.17755905511811024 0.131875 0.18188976377952756
5 0.5078125 0.3047244094488189 0.093125 0.20314960629921258
5 0.42593749999999997 0.30393700787401573 0.110625 0.19842519685039367
5 0.576875 0.21181102362204723 0.0575 0.1464566929133858
5 0.6859375000000001 0.234251968503937 0.10562500000000001 0.0937007874015748
5 0.5896875 0.3448818897637795 0.045625 0.09763779527559055
5 0.8121875000000001 0.36811023622047245 0.111875 0.14094488188976378