10 0.2056924882629108 0.3767605633802817 0.07922535211267606 0.18309859154929578
10 0.28080985915492956 0.3732394366197183 0.04870892018779342 0.17429577464788734
10 0.6649061032863849 0.08714788732394367 0.08333333333333333 0.17077464788732397
10 0.4677230046948357 0.6441461267605634 0.10680751173708919 0.23635563380281693
10 0.8952464788732394 0.22909330985915494 0.05457746478873239 0.15360915492957747
10 0.9413145539906103 0.5330105633802817 0.10328638497652583 0.18661971830985916
10 0.21449530516431922 0.6153169014084507 0.12147887323943661 0.15669014084507044
10 0.7743544600938967 0.6615316901408451 0.0886150234741784 0.19542253521126762
10 0.619424882629108 0.07768485915492958 0.0710093896713615 0.13512323943661972
10 0.1572769953051643 0.36883802816901406 0.05868544600938967 0.1443661971830986
10 0.7162558685446009 0.09529049295774648 0.05457746478873239 0.14216549295774647