10 0.5721875 0.56 0.051875000000000004 0.135
10 0.21906250000000002 0.43875000000000003 0.061875000000000006 0.13416666666666666
10 0.145 0.5916666666666667 0.0575 0.12333333333333335
10 0.19125 0.5870833333333334 0.04375 0.12416666666666668
10 0.1228125 0.5329166666666667 0.113125 0.09416666666666666
10 0.2734375 0.48958333333333337 0.110625 0.050833333333333335
10 0.33875000000000005 0.4558333333333333 0.030000000000000002 0.115
10 0.3346875 0.7608333333333334 0.06937499999999999 0.13333333333333333
10 0.7575000000000001 0.5645833333333333 0.0975 0.22416666666666665
10 0.809375 0.6291666666666667 0.05375 0.245
10 0.7490625000000001 0.23125 0.075625 0.16250000000000003
10 0.7690625 0.8945833333333334 0.049374999999999995 0.14250000000000002
10 0.5428125 0.6975 0.049374999999999995 0.16333333333333336
10 0.46343750000000006 0.65125 0.065625 0.11750000000000001
10 0.6646875 0.035416666666666666 0.10437500000000001 0.059166666666666666
10 0.6753125 0.09916666666666668 0.091875 0.06333333333333334
10 0.21531250000000002 0.6908333333333333 0.068125 0.09166666666666666
10 0.22000000000000003 0.8145833333333333 0.06375 0.0525
10 0.28 0.89375 0.037500000000000006 0.14583333333333334
10 0.18968749999999998 0.26125000000000004 0.050625 0.11916666666666667
10 0.3515625 0.28875 0.030625 0.0875
10 0.3771875 0.3579166666666667 0.08312499999999999 0.037500000000000006
10 0.5840625 0.11166666666666666 0.044375000000000005 0.06833333333333334
10 0.828125 0.10791666666666667 0.0675 0.0775
10 0.6240625000000001 0.5029166666666667 0.106875 0.0825
10 0.57125 0.43291666666666667 0.042499999999999996 0.09416666666666666
10 0.6181249999999999 0.42708333333333337 0.08499999999999999 0.0675
10 0.5221875 0.6004166666666667 0.04062500000000001 0.13583333333333333
10 0.6965625 0.7120833333333334 0.075625 0.15250000000000002
10 0.8865625 0.8150000000000001 0.153125 0.16666666666666669
10 0.286875 0.30291666666666667 0.060000000000000005 0.059166666666666666
10 0.07125000000000001 0.24625 0.03625 0.0625