10 0.6145454545454545 0.5389817024661894 0.16 0.14081145584725535
10 0.6672727272727274 0.55648369132856 0.12606060606060607 0.11058074781225138
10 0.853939393939394 0.5071599045346061 0.15515151515151515 0.12012728719172633
10 0.8524242424242424 0.5700079554494828 0.12666666666666668 0.16308671439936354
10 0.5287878787878788 0.611376292760541 0.11090909090909092 0.11535401750198886
10 0.44363636363636366 0.8285600636435959 0.10424242424242425 0.18217979315831345
10 0.5375757575757576 0.29236276849642 0.04363636363636363 0.19649960222752585
10 0.8336363636363637 0.3595863166268894 0.18727272727272729 0.1766109785202864
10 0.8454545454545456 0.1173428798727128 0.20242424242424245 0.07239459029435164
10 0.6000000000000001 0.12370723945902944 0.1006060606060606 0.07398568019093078
10 0.5475757575757576 0.10182975338106602 0.04787878787878788 0.1177406523468576
10 0.37939393939393945 0.6420047732696896 0.1393939393939394 0.12092283214001591
10 0.853030303030303 0.44152744630071594 0.1921212121212121 0.09228321400159109