3 0.3888363292336802 0.4099099099099099 0.1589403973509934 0.3153153153153153
3 0.5752128666035952 0.39695945945945943 0.14758751182592242 0.29166666666666663
3 0.6428571428571429 0.48367117117117114 0.19772942289498582 0.30067567567567566
3 0.7805108798486283 0.5050675675675675 0.12677388836329234 0.1768018018018018
3 0.16508987701040684 0.6480855855855855 0.30179754020813626 0.20157657657657657
3 0.2403027436140019 0.4617117117117117 0.12298959318826869 0.10135135135135134
3 0.29564806054872284 0.5236486486486487 0.14664143803216653 0.13738738738738737
3 0.7327341532639546 0.053490990990990986 0.10501419110690634 0.10247747747747747
3 0.4616840113528856 0.20326576576576577 0.19867549668874174 0.08445945945945946
3 0.6863765373699149 0.2134009009009009 0.12771996215704826 0.12274774774774774
3 0.9162724692526018 0.3885135135135135 0.16556291390728478 0.09459459459459459
3 0.9437086092715232 0.3468468468468468 0.11069063386944183 0.13513513513513514
3 0.7242194891201514 0.7347972972972973 0.17123935666982026 0.12274774774774774
3 0.8987701040681173 0.9211711711711712 0.1892147587511826 0.1554054054054054
3 0.7043519394512773 0.9161036036036035 0.18826868495742669 0.16554054054054054
3 0.09224219489120153 0.4904279279279279 0.16177861873226113 0.125