12 0.2211111111111111 0.30462724935732644 0.07777777777777778 0.11053984575835475
12 0.09888888888888889 0.33097686375321334 0.10444444444444444 0.05784061696658097
12 0.5366666666666666 0.3656812339331619 0.09333333333333334 0.1683804627249357
12 0.43111111111111106 0.3772493573264781 0.06666666666666667 0.10411311053984576
12 0.3783333333333333 0.28920308483290486 0.12555555555555556 0.08740359897172235
12 0.3144444444444444 0.23586118251928018 0.05999999999999999 0.04755784061696658
12 0.28944444444444445 0.29562982005141386 0.05444444444444444 0.10796915167095114
12 0.22999999999999998 0.23586118251928018 0.08888888888888888 0.044987146529562975
12 0.20777777777777778 0.17673521850899743 0.08666666666666667 0.04755784061696658
12 0.6833333333333333 0.39203084832904883 0.06666666666666667 0.1619537275064267
12 0.741111111111111 0.4479434447300771 0.06666666666666667 0.15295629820051412
12 0.6433333333333333 0.3097686375321337 0.08666666666666667 0.10282776349614395
12 0.8111111111111111 0.5623393316195372 0.06444444444444444 0.09125964010282775
12 0.8433333333333333 0.62146529562982 0.04 0.1683804627249357
12 0.8805555555555554 0.49357326478149094 0.07222222222222222 0.07712082262210797
12 0.5183333333333333 0.6722365038560411 0.10333333333333333 0.07712082262210797
12 0.5283333333333333 0.6079691516709511 0.08555555555555555 0.07197943444730076
12 0.6455555555555554 0.7043701799485861 0.11777777777777777 0.12082262210796914