5 0.43839285714285714 0.5066666666666667 0.17321428571428574 0.26
5 0.5803571428571429 0.6900000000000001 0.17857142857142858 0.19666666666666666
5 0.6857142857142857 0.43666666666666665 0.21428571428571427 0.29
5 0.8419642857142857 0.5591666666666667 0.3125 0.19166666666666668
5 0.28035714285714286 0.6216666666666667 0.275 0.22666666666666668
5 0.25 0.8333333333333334 0.32857142857142857 0.22333333333333333
5 0.49910714285714286 0.9575 0.17321428571428574 0.08166666666666668
5 0.6776785714285715 0.8416666666666667 0.10535714285714286 0.17333333333333334
5 0.8910714285714286 0.8683333333333334 0.21428571428571427 0.23333333333333334
5 0.2723214285714286 0.41083333333333333 0.13392857142857142 0.14166666666666666
5 0.058928571428571434 0.34833333333333333 0.1142857142857143 0.16666666666666669
5 0.48571428571428577 0.0975 0.15000000000000002 0.19166666666666668