14 0.138125 0.3975 0.19125 0.22833333333333333
14 0.30937500000000007 0.39416666666666667 0.12375000000000001 0.23833333333333334
14 0.20937500000000003 0.5858333333333333 0.17625000000000002 0.195
14 0.43250000000000005 0.20916666666666667 0.18500000000000003 0.22500000000000003
14 0.571875 0.3166666666666667 0.15125 0.16
14 0.429375 0.4066666666666667 0.14375000000000002 0.20333333333333334
14 0.729375 0.09583333333333334 0.16875 0.175
14 0.7093750000000001 0.23666666666666666 0.14875 0.11333333333333334
14 0.8275 0.14833333333333334 0.11250000000000002 0.14666666666666667
14 0.53 0.6783333333333333 0.145 0.26
14 0.30625 0.8283333333333334 0.1925 0.26666666666666666
14 0.333125 0.6125 0.13125 0.175
14 0.4625 0.7533333333333333 0.16 0.22666666666666668
14 0.6968750000000001 0.9083333333333333 0.14875 0.18
14 0.796875 0.8508333333333333 0.14375000000000002 0.19833333333333336
14 0.7243750000000001 0.5266666666666666 0.19625 0.21666666666666667
14 0.519375 0.51 0.21625000000000003 0.19
14 0.89125 0.28583333333333333 0.1675 0.15166666666666667