5 0.4515625 0.6830543933054394 0.16562500000000002 0.12761506276150628
5 0.46796875000000004 0.7761506276150628 0.1171875 0.11715481171548119
5 0.33281250000000007 0.8138075313807532 0.12812500000000002 0.1380753138075314
5 0.275 0.6527196652719666 0.1375 0.11715481171548119
5 0.4 0.5763598326359832 0.1 0.1192468619246862
5 0.36875 0.5031380753138076 0.134375 0.10669456066945607
5 0.23281250000000003 0.45606694560669464 0.1375 0.10460251046025106
5 0.16640625000000003 0.6527196652719666 0.1171875 0.17154811715481172
5 0.10468750000000002 0.8577405857740585 0.20625 0.20502092050209206
5 0.17890625 0.9278242677824268 0.1640625 0.1401673640167364
5 0.60546875 0.7761506276150628 0.18593750000000003 0.1297071129707113
5 0.7390625 0.8493723849372385 0.09687500000000002 0.1799163179916318
5 0.80390625 0.7688284518828452 0.1484375 0.11506276150627616
5 0.8984375 0.8566945606694562 0.125 0.13179916317991633
5 0.7601562500000001 0.9518828451882846 0.1234375 0.09205020920502092
5 0.6375 0.9351464435146444 0.11250000000000002 0.12552301255230128
5 0.11015625000000001 0.35146443514644354 0.09843750000000001 0.2384937238493724
5 0.2140625 0.23430962343096237 0.07500000000000001 0.20502092050209206
5 0.45703125 0.21234309623430964 0.0796875 0.21966527196652721
5 0.5765625 0.18200836820083682 0.109375 0.26359832635983266
5 0.6640625 0.11820083682008369 0.09062500000000001 0.22384937238493724
5 0.9375 0.28451882845188287 0.12187500000000001 0.2594142259414226
5 0.88984375 0.10669456066945607 0.1171875 0.1882845188284519
5 0.7867187500000001 0.5543933054393306 0.08906250000000002 0.20502092050209206
5 0.653125 0.4989539748953975 0.115625 0.1778242677824268
5 0.5390625 0.547071129707113 0.16875 0.10251046025104603