15 0.6619791666666667 0.40390625 0.12395833333333334 0.1390625
15 0.48125000000000007 0.5109375 0.04583333333333333 0.09375
15 0.4390625 0.4046875 0.042708333333333334 0.11250000000000002
15 0.3671875 0.48671875 0.06354166666666666 0.0859375
15 0.328125 0.5554687500000001 0.03958333333333334 0.060937500000000006
15 0.5692708333333333 0.484375 0.04895833333333333 0.115625
15 0.7739583333333334 0.51953125 0.0875 0.1484375
15 0.7640625000000001 0.7203125000000001 0.06145833333333333 0.103125
15 0.5317708333333333 0.57421875 0.05520833333333334 0.10468750000000002
15 0.46145833333333336 0.60078125 0.0625 0.0578125
15 0.8557291666666667 0.5484375 0.09895833333333334 0.13125