15 0.40399999999999997 0.47833935018050544 0.19799999999999998 0.23465703971119137
15 0.494 0.6083032490974729 0.19399999999999998 0.20577617328519857
15 0.77 0.7117930204572804 0.192 0.17930204572803854
15 0.6275 0.7322503008423588 0.141 0.21058965102286403
15 0.6885 0.6004813477737666 0.165 0.20697954271961494
15 0.804 0.3363417569193743 0.15399999999999997 0.21299638989169678
15 0.6655 0.3574007220216607 0.109 0.2190132370637786
15 0.6839999999999999 0.5000000000000001 0.15 0.1095066185318893
15 0.572 0.3537906137184116 0.106 0.22864019253910953
15 0.8744999999999999 0.1516245487364621 0.165 0.2117930204572804
15 0.7419999999999999 0.18351383874849578 0.112 0.21540312876052953
15 0.4475 0.2779783393501805 0.127 0.25270758122743686
15 0.3225 0.2882069795427196 0.15899999999999997 0.17930204572803854
15 0.238 0.5174488567990374 0.132 0.17569193742478942
15 0.11800000000000001 0.5354993983152828 0.16 0.17087845968712398
15 0.3515 0.7845968712394705 0.157 0.20216606498194947
15 0.228 0.6774969915764141 0.16599999999999998 0.17087845968712398
15 0.1425 0.7635379061371842 0.127 0.24909747292418774
15 0.088 0.4235860409145608 0.174 0.14440433212996392
15 0.187 0.27557160048134777 0.128 0.197352587244284
15 0.086 0.22623345367027678 0.126 0.22382671480144406
15 0.2405 0.16004813477737667 0.15899999999999997 0.098676293622142
15 0.147 0.10529482551143202 0.116 0.16245487364620942