10 0.169 0.2813834329632793 0.22066666666666665 0.4192997438087105
10 0.16199999999999998 0.6511528608027327 0.23733333333333334 0.4073441502988899
10 0.423 0.5952177625960717 0.3273333333333333 0.17591801878736124
10 0.3273333333333333 0.766865926558497 0.15066666666666667 0.21690862510674636
10 0.46699999999999997 0.7258753202391118 0.21266666666666664 0.16396242527754057
10 0.7963333333333332 0.6135781383432963 0.31933333333333336 0.3441502988898378
10 0.7373333333333333 0.7062339880444065 0.37066666666666664 0.19299743808710504
10 0.7889999999999999 0.12852263023057217 0.338 0.19726729291204098
10 0.6323333333333333 0.21093082835183602 0.18999999999999997 0.12297181895815543
10 0.7803333333333332 0.24380871050384287 0.29266666666666663 0.13748932536293765
10 0.4053333333333333 0.23014517506404783 0.3533333333333333 0.27583262169086253
10 0.44533333333333336 0.35354397950469685 0.38799999999999996 0.16054654141759178