10 0.2955555555555555 0.18109339407744876 0.43111111111111106 0.2847380410022779
10 0.6799999999999999 0.31890660592255127 0.4444444444444444 0.26879271070615035
10 0.7100000000000001 0.20728929384965833 0.31777777777777777 0.29612756264236906
10 0.3144444444444444 0.49088838268792717 0.36666666666666664 0.16173120728929385
10 0.4777777777777778 0.45216400911161736 0.32 0.13439635535307518
10 0.21555555555555553 0.7323462414578589 0.2533333333333333 0.3576309794988611
10 0.33222222222222225 0.7164009111617312 0.24666666666666665 0.27107061503416857
10 0.8555555555555555 0.6788154897494305 0.15555555555555556 0.3462414578587699
10 0.7211111111111111 0.7824601366742597 0.12222222222222222 0.234624145785877
10 0.6888888888888889 0.6799544419134397 0.29333333333333333 0.24829157175398636
10 0.57 0.6400911161731208 0.2822222222222222 0.1275626423690205