10 0.19766666666666666 0.17789553368660108 0.298 0.28160484481453446
10 0.5509999999999999 0.20401211203633612 0.25666666666666665 0.30507191521574567
10 0.44633333333333336 0.2721423164269493 0.23666666666666666 0.15669947009841032
10 0.824 0.19530658591975777 0.27999999999999997 0.32399697199091604
10 0.8713333333333334 0.6461014383043149 0.14666666666666667 0.48978046934140806
10 0.5653333333333334 0.7744133232399698 0.4026666666666667 0.2301286903860712
10 0.623 0.5283875851627555 0.23133333333333334 0.19227857683573052
10 0.6369999999999999 0.45495836487509467 0.23933333333333331 0.1211203633610901
10 0.4963333333333333 0.544663133989402 0.11666666666666667 0.1960635881907646
10 0.21866666666666668 0.45420136260408783 0.34933333333333333 0.12566237698713098
10 0.20566666666666666 0.3875851627554883 0.27666666666666667 0.09689629068887208
10 0.23633333333333334 0.6385314155942469 0.32866666666666666 0.17183951551854657
10 0.13466666666666666 0.7827403482210448 0.18133333333333332 0.22255866767600305
10 0.29133333333333333 0.7573807721423165 0.208 0.1324753974261923