10 0.2553333333333333 0.2020395156150414 0.33866666666666667 0.2651370299553856
10 0.24799999999999997 0.42861695347355 0.448 0.15105162523900573
10 0.7749999999999999 0.5117909496494583 0.306 0.24346717654557043
10 0.5206666666666666 0.584448693435309 0.19733333333333333 0.260038240917782
10 0.6856666666666666 0.7644996813256851 0.39266666666666666 0.19056724028043337
10 0.746 0.8339706819630337 0.392 0.1230082855321861
10 0.2796666666666666 0.6679413639260675 0.26866666666666666 0.212874442319949
10 0.206 0.7323135755258126 0.3346666666666666 0.14404079031230083
10 0.251 0.8260038240917781 0.37533333333333335 0.12237093690248566
10 0.578 0.1896112173358827 0.19866666666666666 0.3473550031867431
10 0.6706666666666666 0.23422562141491393 0.3426666666666666 0.24792861695347354
10 0.7346666666666667 0.27852135117909493 0.3933333333333333 0.1631612492033142