10 0.2722222222222222 0.22936893203883496 0.40222222222222215 0.27427184466019416
10 0.61 0.17233009708737865 0.3711111111111111 0.2038834951456311
10 0.6933333333333334 0.11893203883495146 0.3377777777777778 0.1407766990291262
10 0.6944444444444444 0.44053398058252424 0.3044444444444444 0.20145631067961164
10 0.8077777777777778 0.39805825242718446 0.3088888888888889 0.16504854368932037
10 0.6933333333333334 0.6662621359223301 0.4444444444444444 0.14320388349514562
10 0.7155555555555555 0.7378640776699028 0.36444444444444446 0.16990291262135923
10 0.5677777777777778 0.7669902912621359 0.2644444444444444 0.21844660194174756
10 0.23222222222222222 0.7779126213592232 0.4066666666666666 0.23543689320388347
10 0.2733333333333333 0.5473300970873786 0.4711111111111111 0.16262135922330098
10 0.24777777777777776 0.40898058252427183 0.32222222222222224 0.13349514563106796