18 0.4844444444444444 0.4787234042553191 0.2222222222222222 0.3446808510638298
18 0.3122222222222222 0.602127659574468 0.2866666666666667 0.20425531914893616
18 0.61 0.6010638297872339 0.2644444444444444 0.21489361702127657
18 0.20111111111111107 0.7159574468085107 0.34444444444444444 0.1723404255319149
18 0.28444444444444444 0.8531914893617021 0.2311111111111111 0.16595744680851063
18 0.2311111111111111 0.2521276595744681 0.2 0.2531914893617021
18 0.27666666666666667 0.10638297872340424 0.2644444444444444 0.1531914893617021
18 0.13555555555555554 0.18936170212765957 0.12444444444444444 0.2170212765957447
18 0.6622222222222222 0.10851063829787234 0.28444444444444444 0.17446808510638295
18 0.6988888888888888 0.28617021276595744 0.1622222222222222 0.24893617021276596
18 0.8455555555555555 0.15106382978723404 0.15777777777777777 0.19574468085106383
18 0.6977777777777778 0.8723404255319148 0.2533333333333333 0.17446808510638295
18 0.7155555555555555 0.6585106382978723 0.19555555555555554 0.31702127659574464