18 0.7455555555555555 0.6431980906921241 0.22888888888888886 0.26491646778042954
18 0.6177777777777778 0.756563245823389 0.23555555555555555 0.19570405727923626
18 0.8622222222222221 0.7553699284009545 0.22666666666666663 0.19331742243436756
18 0.6644444444444445 0.1658711217183771 0.24888888888888888 0.22673031026252982
18 0.8466666666666666 0.17303102625298328 0.1688888888888889 0.26014319809069214
18 0.6277777777777778 0.34725536992840095 0.2733333333333333 0.1694510739856802
18 0.3777777777777777 0.3174224343675417 0.2533333333333333 0.20525059665871123
18 0.23666666666666666 0.16348448687350833 0.19333333333333333 0.26491646778042954
18 0.1388888888888889 0.32935560859188545 0.22 0.1766109785202864
18 0.3744444444444444 0.7040572792362768 0.21555555555555553 0.23866348448687352
18 0.14888888888888888 0.6957040572792363 0.20888888888888887 0.23627684964200477
18 0.2588888888888889 0.6288782816229117 0.20666666666666667 0.3221957040572792