18 0.2633333333333333 0.5809178743961353 0.22444444444444445 0.32608695652173914
18 0.3711111111111111 0.746376811594203 0.2311111111111111 0.21256038647342995
18 0.13444444444444442 0.7367149758454107 0.20666666666666667 0.2318840579710145
18 0.801111111111111 0.5966183574879227 0.2022222222222222 0.2560386473429952
18 0.5933333333333333 0.6739130434782609 0.21333333333333335 0.1739130434782609
18 0.8466666666666666 0.7801932367149759 0.20444444444444443 0.18357487922705312
18 0.4799999999999999 0.2113526570048309 0.17333333333333334 0.16183574879227053
18 0.6977777777777778 0.2282608695652174 0.2533333333333333 0.20048309178743962
18 0.59 0.39251207729468596 0.14888888888888888 0.23429951690821257
18 0.4122222222222222 0.34903381642512077 0.1622222222222222 0.2536231884057971
18 0.2711111111111111 0.2777777777777778 0.2711111111111111 0.15458937198067632
18 0.32 0.1280193236714976 0.1911111111111111 0.18840579710144928