18 0.31217277486910994 0.643760907504363 0.2238219895287958 0.30410122164048864
18 0.3385143979057592 0.40815881326352527 0.18357329842931935 0.20724258289703312
18 0.49934554973821993 0.6053664921465969 0.17408376963350786 0.2997382198952879
18 0.7982657068062827 0.2851221640488656 0.27126963350785344 0.25872600349040137
18 0.5647905759162304 0.30541012216404884 0.22905759162303665 0.2382198952879581
18 0.7277486910994765 0.10972949389179755 0.21727748691099477 0.21858638743455497
18 0.9069044502617801 0.42931937172774864 0.16982984293193717 0.19546247818499124
18 0.8516034031413613 0.5868237347294939 0.17310209424083772 0.19284467713787085
18 0.7765052356020943 0.4448080279232111 0.12892670157068065 0.13656195462478185
18 0.41492146596858637 0.8802356020942408 0.21858638743455497 0.23865619546247815
18 0.18913612565445026 0.8992146596858638 0.16753926701570682 0.20069808027923208
18 0.1780104712041885 0.7340750436300174 0.14986910994764396 0.168848167539267
18 0.3036649214659686 0.8536212914485165 0.14332460732984292 0.1889179755671902
18 0.5528468586387435 0.8311518324607329 0.2110602094240838 0.31500872600349034