18 0.6527777777777778 0.6299376299376299 0.2042483660130719 0.28274428274428276
18 0.8496732026143791 0.682952182952183 0.19281045751633988 0.29313929313929316
18 0.6143790849673203 0.83991683991684 0.2712418300653595 0.1995841995841996
18 0.31290849673202614 0.8097713097713098 0.2696078431372549 0.20166320166320167
18 0.30065359477124187 0.6091476091476091 0.19281045751633988 0.3201663201663202
18 0.14705882352941177 0.6153846153846154 0.15359477124183007 0.2910602910602911
18 0.1519607843137255 0.3160083160083161 0.16013071895424838 0.25363825363825365
18 0.3112745098039216 0.2567567567567568 0.23366013071895428 0.17255717255717257
18 0.2826797385620915 0.14345114345114346 0.21895424836601307 0.1787941787941788
18 0.815359477124183 0.27442827442827444 0.17973856209150327 0.22453222453222457
18 0.7173202614379085 0.3367983367983368 0.14052287581699346 0.23284823284823286
18 0.619281045751634 0.1340956340956341 0.21895424836601307 0.15592515592515593
18 0.5759803921568628 0.2494802494802495 0.21405228758169936 0.14553014553014554