25 0.32254901960784316 0.9268518518518518 0.2803921568627451 0.11666666666666667
25 0.6245098039215686 0.8212962962962963 0.13529411764705881 0.14259259259259258
25 0.39215686274509803 0.4935185185185186 0.11372549019607844 0.19814814814814816
25 0.8254901960784313 0.34814814814814815 0.20784313725490197 0.10740740740740741
25 0.6862745098039216 0.4601851851851852 0.11764705882352941 0.18333333333333332
25 0.6352941176470588 0.3759259259259259 0.11372549019607844 0.1111111111111111
25 0.7352941176470588 0.2722222222222222 0.14509803921568626 0.07407407407407408
25 0.22941176470588237 0.3111111111111111 0.13333333333333333 0.1037037037037037
25 0.32941176470588235 0.3888888888888889 0.1568627450980392 0.25925925925925924
25 0.5480392156862745 0.4574074074074074 0.14313725490196078 0.22592592592592592
25 0.5362745098039216 0.5907407407407408 0.16666666666666666 0.12222222222222222
25 0.3813725490196079 0.7527777777777778 0.26862745098039215 0.21296296296296297
25 0.9078431372549021 0.6879629629629629 0.1803921568627451 0.2574074074074074
25 0.7764705882352941 0.8481481481481481 0.2549019607843137 0.25925925925925924