25 0.775377969762419 0.872299567930869 0.17537796976241898 0.18434949591934713
25 0.6688984881209503 0.3295727316370619 0.061771058315334776 0.08017282765242438
25 0.6354211663066955 0.36821891502640425 0.0898488120950324 0.07969275084013441
25 0.6265658747300217 0.16514642342774843 0.3071274298056155 0.1497839654344695
25 0.2170626349892009 0.18650984157465195 0.42807775377969765 0.2088334133461354
25 0.12721382289416847 0.6466634661545848 0.25356371490280777 0.6308209313490158
25 0.27473002159827214 0.5091214594335094 0.19784017278617713 0.2328372539606337
25 0.5071274298056155 0.4385501680268843 0.12008639308855293 0.12433989438310131
25 0.4064794816414687 0.40710513682189153 0.11231101511879049 0.16034565530484876
25 0.49611231101511877 0.6675468074891983 0.1473002159827214 0.228996639462314
25 0.7319654427645789 0.630340854536726 0.1913606911447084 0.11617858857417188
25 0.8557235421166307 0.7208353336533846 0.28768898488120953 0.14258281325012
25 0.6565874730021599 0.8089294287085933 0.16501079913606911 0.21699471915506482