22 0.54345703125 0.6197916666666666 0.1982421875 0.4114583333333333
22 0.81591796875 0.25976562499999994 0.1318359375 0.20182291666666666
22 0.8681640625 0.5240885416666666 0.177734375 0.23307291666666666
22 0.75 0.6158854166666666 0.171875 0.28906249999999994
22 0.67724609375 0.494140625 0.0810546875 0.12890624999999997
22 0.693359375 0.3157552083333333 0.08984375 0.17317708333333331
22 0.53857421875 0.19075520833333331 0.2724609375 0.34244791666666663
22 0.48681640625 0.4817708333333333 0.1103515625 0.19270833333333331
22 0.3828125 0.49283854166666663 0.1484375 0.23567708333333331
22 0.220703125 0.40690104166666663 0.35546875 0.32682291666666663
22 0.39599609375 0.29101562499999994 0.1435546875 0.14192708333333331