25 0.7089999999999999 0.9393333333333332 0.06199999999999999 0.11866666666666667
25 0.1753333333333333 0.3313333333333333 0.050666666666666665 0.04666666666666667
25 0.2713333333333333 0.5133333333333333 0.044 0.12266666666666667
25 0.4036666666666667 0.4266666666666667 0.06466666666666666 0.10666666666666667
25 0.5313333333333333 0.4933333333333333 0.03866666666666666 0.04533333333333333
25 0.5626666666666666 0.4233333333333333 0.03733333333333333 0.068
25 0.5116666666666666 0.6846666666666666 0.01 0.08666666666666667
25 0.5373333333333333 0.6593333333333333 0.022666666666666665 0.04133333333333333
25 0.527 0.594 0.029999999999999995 0.04933333333333333
25 0.44399999999999995 0.6339999999999999 0.02666666666666667 0.08666666666666667
25 0.47033333333333327 0.6346666666666666 0.012666666666666666 0.048
25 0.492 0.6146666666666666 0.014666666666666665 0.042666666666666665
25 0.688 0.6326666666666666 0.02933333333333333 0.08933333333333333
25 0.731 0.6093333333333333 0.023333333333333334 0.06666666666666667
25 0.7826666666666667 0.5579999999999999 0.014666666666666665 0.036
25 0.8296666666666666 0.5673333333333332 0.022 0.10533333333333333
25 0.874 0.5446666666666666 0.03066666666666667 0.07866666666666666
25 0.5926666666666667 0.7673333333333333 0.036 0.08133333333333333