24 0.5172910662824207 0.10892857142857143 0.1988472622478386 0.19642857142857145
24 0.5172910662824207 0.8214285714285714 0.08357348703170028 0.20714285714285716
24 0.1095100864553314 0.7803571428571429 0.20749279538904897 0.26785714285714285
24 0.14697406340057637 0.5375 0.14985590778097982 0.2535714285714286
24 0.30403458213256485 0.19464285714285715 0.17002881844380402 0.2535714285714286
24 0.7867435158501441 0.2517857142857143 0.3285302593659942 0.2392857142857143
24 0.7089337175792506 0.15000000000000002 0.10374639769452448 0.09285714285714287
24 0.8703170028818443 0.7928571428571428 0.17291066282420747 0.1285714285714286
24 0.6801152737752161 0.7250000000000001 0.19020172910662822 0.2
24 0.5187319884726225 0.5875 0.09221902017291066 0.24642857142857144
24 0.32708933717579247 0.5660714285714286 0.11815561959654178 0.275
24 0.24639769452449567 0.3160714285714286 0.15273775216138327 0.275
24 0.4106628242074928 0.375 0.3198847262247838 0.2285714285714286
24 0.7046109510086455 0.5482142857142858 0.2680115273775216 0.23214285714285715