25 0.72 0.5577777777777777 0.19333333333333336 0.08888888888888888
25 0.5966666666666667 0.6588888888888889 0.10666666666666667 0.08666666666666667
25 0.5133333333333334 0.8255555555555555 0.09333333333333334 0.11777777777777777
25 0.6416666666666667 0.731111111111111 0.09666666666666668 0.048888888888888885
25 0.7816666666666667 0.7344444444444445 0.1366666666666667 0.06888888888888889
25 0.8616666666666666 0.49 0.08333333333333334 0.08222222222222221
25 0.7866666666666666 0.41000000000000003 0.12000000000000001 0.09555555555555555
25 0.08 0.5411111111111111 0.14 0.10888888888888888
25 0.18 0.5688888888888889 0.10666666666666667 0.06666666666666667
25 0.3816666666666667 0.6233333333333333 0.15666666666666668 0.07777777777777778
25 0.445 0.5966666666666666 0.12333333333333335 0.07777777777777778
25 0.5316666666666667 0.5066666666666666 0.15000000000000002 0.06666666666666667