22 0.758360745614035 0.450109649122807 0.07867324561403509 0.15460526315789472
22 0.2602796052631579 0.3793859649122807 0.09841008771929824 0.09649122807017543
22 0.34635416666666663 0.7090643274853801 0.06496710526315788 0.14181286549707603
22 0.8497807017543859 0.23300438596491227 0.07785087719298245 0.16337719298245615
22 0.7109375 0.13596491228070173 0.14830043859649122 0.08552631578947367
22 0.415844298245614 0.1639254385964912 0.1293859649122807 0.08223684210526315
22 0.3596491228070175 0.25493421052631576 0.08826754385964912 0.11878654970760233
22 0.6962719298245614 0.633406432748538 0.05811403508771929 0.12134502923976608
22 0.6306195175438596 0.6584429824561403 0.08908991228070175 0.12390350877192981
22 0.582236842105263 0.3210891812865497 0.06962719298245613 0.1297514619883041
22 0.5248081140350878 0.3223684210526316 0.07757675438596491 0.14400584795321636
22 0.6996984649122807 0.30025584795321636 0.11869517543859648 0.18823099415204678