25 0.8468137254901961 0.9125816993464053 0.11458333333333333 0.17401960784313725
25 0.5991115196078431 0.9195261437908496 0.09712009803921567 0.10294117647058824
25 0.5016850490196079 0.7279411764705882 0.10140931372549018 0.12336601307189543
25 0.5575980392156862 0.08108660130718956 0.07230392156862744 0.07475490196078431
25 0.48406862745098034 0.12357026143790849 0.04779411764705883 0.06576797385620915
25 0.5356924019607843 0.2450980392156863 0.06709558823529412 0.06944444444444445
25 0.44424019607843135 0.20833333333333334 0.08823529411764705 0.059640522875817
25 0.7391237745098038 0.2209967320261438 0.07628676470588235 0.0857843137254902
25 0.5606617647058824 0.44464869281045755 0.12806372549019607 0.11233660130718956
25 0.7755821078431372 0.6239787581699348 0.06954656862745098 0.0959967320261438
25 0.7933517156862744 0.43075980392156865 0.07628676470588235 0.12132352941176472
25 0.7775735294117646 0.3553921568627451 0.05698529411764705 0.059640522875817
25 0.10784313725490195 0.3905228758169935 0.06066176470588235 0.12009803921568628
25 0.26868872549019607 0.8255718954248367 0.1887254901960784 0.1266339869281046
25 0.18259803921568626 0.914624183006536 0.09129901960784313 0.16993464052287582
25 0.2227328431372549 0.7132352941176472 0.07720588235294118 0.1584967320261438
25 0.4787071078431372 0.6601307189542484 0.06403186274509803 0.12745098039215688
25 0.4102328431372549 0.5330882352941176 0.12009803921568626 0.1111111111111111
25 0.48697916666666663 0.48815359477124187 0.08425245098039215 0.09967320261437909
25 0.28875612745098034 0.09252450980392157 0.06587009803921567 0.10334967320261439
25 0.3005514705882353 0.23100490196078433 0.06924019607843136 0.1156045751633987
25 0.2035845588235294 0.16993464052287582 0.07077205882352941 0.12908496732026145
25 0.14338235294117646 0.25571895424836605 0.06004901960784313 0.16666666666666669