25 0.3428308823529411 0.8317307692307693 0.13051470588235292 0.18269230769230768
25 0.5827205882352942 0.47596153846153844 0.09926470588235294 0.05576923076923078
25 0.728860294117647 0.6346153846153846 0.05330882352941176 0.057692307692307696
25 0.5643382352941176 0.3490384615384616 0.10661764705882353 0.14038461538461539
25 0.23345588235294115 0.41346153846153844 0.23529411764705882 0.14615384615384616
25 0.3952205882352941 0.24230769230769234 0.1764705882352941 0.16153846153846155
25 0.556985294117647 0.1528846153846154 0.07352941176470587 0.14807692307692308
25 0.44852941176470584 0.4807692307692308 0.1139705882352941 0.1
25 0.6544117647058822 0.7673076923076925 0.1139705882352941 0.09230769230769233
25 0.6488970588235294 0.6336538461538462 0.08455882352941176 0.05576923076923078
25 0.3676470588235294 0.6009615384615384 0.04779411764705883 0.06346153846153847
25 0.28860294117647056 0.6865384615384615 0.08823529411764705 0.1