5 0.7222222222222221 0.3777777777777778 0.09444444444444443 0.20370370370370372
5 0.7854166666666665 0.537962962962963 0.14861111111111108 0.08333333333333333
5 0.8861111111111111 0.5416666666666667 0.13333333333333333 0.18333333333333332
5 0.7083333333333333 0.5435185185185185 0.09444444444444443 0.13518518518518519
5 0.5881944444444444 0.7453703703703703 0.1597222222222222 0.1388888888888889
5 0.4826388888888889 0.7481481481481482 0.11249999999999999 0.15185185185185185
5 0.5249999999999999 0.6287037037037037 0.14999999999999997 0.10185185185185186
5 0.3097222222222222 0.6851851851851851 0.11666666666666667 0.18148148148148147
5 0.19305555555555554 0.6148148148148148 0.1361111111111111 0.09259259259259259
5 0.2048611111111111 0.5416666666666667 0.14027777777777775 0.13148148148148148
5 0.28888888888888886 0.5175925925925926 0.07222222222222222 0.1537037037037037
5 0.27291666666666664 0.3 0.12083333333333332 0.1037037037037037
5 0.19444444444444445 0.17685185185185184 0.1472222222222222 0.07222222222222222
5 0.2909722222222222 0.09814814814814815 0.06527777777777777 0.15925925925925927
5 0.47013888888888883 0.22407407407407406 0.10694444444444444 0.14444444444444443
5 0.5652777777777778 0.3101851851851852 0.09999999999999999 0.17222222222222222