5 0.299 0.6473333333333333 0.268 0.252
5 0.382 0.7573333333333333 0.172 0.328
5 0.584 0.6333333333333333 0.288 0.2533333333333333
5 0.704 0.448 0.144 0.23999999999999996
5 0.8714999999999999 0.3966666666666666 0.255 0.23066666666666663
5 0.612 0.382 0.268 0.22266666666666668
5 0.39449999999999996 0.394 0.16699999999999998 0.28933333333333333
5 0.34299999999999997 0.19799999999999998 0.18 0.2733333333333333
5 0.1455 0.06266666666666666 0.245 0.12266666666666667
5 0.16999999999999998 0.48333333333333334 0.156 0.2946666666666667
5 0.073 0.7286666666666667 0.144 0.17733333333333332
5 0.156 0.8099999999999999 0.152 0.32133333333333336
5 0.896 0.24466666666666664 0.132 0.22
5 0.6365 0.25266666666666665 0.193 0.15066666666666667
5 0.535 0.09333333333333334 0.212 0.14666666666666667