5 0.214 0.6106666666666667 0.33399999999999996 0.3813333333333333
5 0.39799999999999996 0.7233333333333333 0.312 0.19866666666666666
5 0.5239999999999999 0.5953333333333333 0.224 0.228
5 0.645 0.7666666666666667 0.256 0.19466666666666665
5 0.8524999999999999 0.754 0.211 0.23333333333333334
5 0.5395 0.8886666666666666 0.123 0.22
5 0.3145 0.8866666666666666 0.157 0.21866666666666668
5 0.1315 0.9193333333333332 0.19499999999999998 0.15866666666666665
5 0.15799999999999997 0.20066666666666666 0.18 0.1
5 0.27499999999999997 0.32066666666666666 0.104 0.31333333333333335
5 0.361 0.34199999999999997 0.076 0.22
5 0.5429999999999999 0.22266666666666668 0.15 0.18666666666666668
5 0.597 0.3073333333333333 0.22999999999999998 0.20666666666666667
5 0.8805000000000001 0.4333333333333333 0.141 0.33066666666666666
5 0.7795 0.048666666666666664 0.227 0.09466666666666666