18 0.12247278382581649 0.4964028776978417 0.21228615863141526 0.1553956834532374
18 0.2115085536547434 0.38741007194244603 0.16796267496111977 0.179136690647482
18 0.2496111975116641 0.5615107913669065 0.15552099533437014 0.1920863309352518
18 0.24066874027993782 0.7017985611510791 0.19206842923794715 0.11726618705035971
18 0.3324261275272162 0.7949640287769785 0.12519440124416797 0.15107913669064746
18 0.36353032659409024 0.658273381294964 0.11430793157076205 0.14532374100719425
18 0.44906687402799383 0.7679856115107913 0.12674961119751169 0.1474820143884892
18 0.47628304821150863 0.6183453237410071 0.13297045101088648 0.19064748201438847
18 0.5975894245723172 0.5035971223021583 0.21384136858475897 0.12661870503597122
18 0.4405132192846034 0.3496402877697842 0.19206842923794715 0.13237410071942446
18 0.42534992223950235 0.22697841726618703 0.16796267496111977 0.15179856115107912
18 0.2725505443234837 0.29136690647482016 0.18273716951788493 0.14532374100719425
18 0.6426905132192846 0.8154676258992806 0.20606531881804044 0.1949640287769784
18 0.7418351477449456 0.6723021582733814 0.24261275272161745 0.16762589928057553
18 0.8732503888024884 0.5748201438848921 0.06998444790046657 0.11942446043165468
18 0.8468118195956454 0.5201438848920863 0.1057542768273717 0.06762589928057554
18 0.9475116640746502 0.5528776978417266 0.08942457231726283 0.08705035971223021
18 0.7585536547433904 0.4079136690647482 0.10186625194401246 0.14676258992805755
18 0.8269828926905133 0.34208633093525176 0.1516329704510109 0.11726618705035971
18 0.6982892690513219 0.3453237410071942 0.16485225505443235 0.08489208633093524
18 0.7095645412130639 0.26834532374100717 0.12363919129082426 0.1424460431654676
18 0.7278382581648523 0.1726618705035971 0.13530326594090203 0.08633093525179855
18 0.6232503888024884 0.260431654676259 0.1345256609642302 0.13669064748201437
18 0.8767496111975117 0.08057553956834532 0.10342146189735614 0.1597122302158273
18 0.9121306376360809 0.16151079136690646 0.16018662519440124 0.10863309352517986
18 0.7752721617418352 0.12194244604316545 0.14774494556765164 0.13741007194244603
18 0.20567651632970455 0.17338129496402876 0.13141524105754276 0.14964028776978416
18 0.22083981337480563 0.07841726618705036 0.13374805598755832 0.08345323741007195
18 0.09603421461897357 0.11906474820143885 0.13763608087091758 0.10575539568345323