5 0.2938850308641975 0.1707175925925926 0.14216820987654322 0.22511574074074073
5 0.4270833333333333 0.19126157407407407 0.10725308641975309 0.24652777777777773
5 0.28559027777777773 0.3496817129629629 0.15567129629629628 0.12008101851851852
5 0.396412037037037 0.4755497685185185 0.05709876543209876 0.2497106481481481
5 0.1440972222222222 0.4751157407407407 0.17862654320987653 0.27025462962962965
5 0.1677276234567901 0.7660590277777778 0.10435956790123456 0.3527199074074074
5 0.3474151234567901 0.73828125 0.09375 0.2520254629629629
5 0.451099537037037 0.6568287037037036 0.16647376543209877 0.1637731481481481
5 0.7753665123456789 0.5415219907407407 0.10088734567901234 0.34519675925925924
5 0.9010416666666666 0.6177662037037036 0.1550925925925926 0.1736111111111111
5 0.6474729938271604 0.6187789351851851 0.09934413580246913 0.20167824074074073
5 0.7160493827160492 0.8217592592592593 0.07060185185185185 0.23032407407407407
5 0.8707561728395061 0.863136574074074 0.21141975308641972 0.24652777777777773
5 0.6299189814814815 0.14076967592592593 0.0785108024691358 0.25491898148148145
5 0.7707368827160492 0.27314814814814814 0.21855709876543208 0.1637731481481481